20 3 99 5 2000 1000
6000 600000 1974 279 1031
4500 450000 1876 1273 -132
5500 550000 2169 3830 -543
6500 650000 1899 -2678 2378
7000 700000 1686 -1490 -1942
6500 650000 1821 3195 -1499
5500 550000 1552 -2791 6475
6200 620000 1817 812 2158
6400 640000 1893 2327 4702
4700 470000 1964 -3591 4428
6500 650000 1772 2437 1545
5000 500000 1781 3077 5681
7200 720000 1549 -527 -1340
6000 600000 1680 -1384 -572
5200 520000 1744 -3016 125
7500 750000 1543 565 -3471
4000 400000 1865 -607 5765
3800 380000 1895 281 853
7200 720000 1978 -808 3623
6300 630000 -499 1547 1575
4501 6629 1709 -587 -2614 -2670
4332 6591 1708 -469 -2432 -2671
4215 6626 1635 -481 -2240 -2671
4070 6674 1547 -499 -2065 -2671
4001 6380 1377 -542 -1787 -2672
3865 6094 1343 -410 -1552 -2673
3701 5846 1322 -263 -1475 -2791
3490 5658 1357 -132 -1463 -2961
3379 5368 1394 0 -1329 -2958
3294 5054 1374 106 -1221 -2673
3257 4928 1234 155 -1158 -2039
2982 4811 1077 209 -1146 -1225
2674 4524 1031 279 -1458 -533
2359 4365 1082 464 -1874 59
2208 4362 1099 521 -2158 812
1904 4366 1051 577 -1991 1575
1607 4140 857 662 -1639 2288
1548 3698 680 736 -1283 2990
1540 3435 445 833 -916 3703
1618 3259 268 908 -296 4145
1615 2928 31 1114 -66 4742
1612 2681 -132 1273 -494 5465
1611 2397 -143 1678 -1085 6032
1606 2176 -568 2147 -1260 6223
1596 1961 -1004 2592 -1116 6246
1484 1724 -1245 2863 -966 6154
1320 1524 -1405 2940 -930 6326
1236 1347 -1211 3209 -1006 6503
1175 1122 -743 3830 -1077 6683
1095 822 -106 4266 -1037 6873
985 533 537 4597 -968 6977
883 313 1205 4861 -1056 6803
840 154 1562 5136 -1053 6606
788 -24 1717 5117 -967 6425
767 -213 1876 4906 -916 6231
785 -444 2026 4707 -1057 6129
802 -617 2164 4504 -1165 6283
868 -782 2270 4175 -1356 6142
913 -810 2355 3596 -1627 5890
869 -764 2256 2979 -1637 5527
835 -708 2271 2484 -1702 5327
802 -617 2327 2308 -1915 5330
782 -412 2472 2101 -1960 5819
767 -206 2514 2139 -2263 6242
777 -67 2468 2332 -2712 6452
867 -57 2421 2524 -3152 6692
940 -77 2378 2678 -3455 6677
1000 169 2404 2812 -3591 6428
1053 361 2628 2631 -3701 6236
1090 490 2697 2755 -3393 6639
1107 547 2706 2939 -2853 7221
1313 484 2714 3095 -2318 7455
1534 389 2685 3216 -1704 7354
1695 320 2644 3148 -1562 6852
1768 280 2640 3037 -1219 6230
1900 382 2708 2993 -637 5662
2000 565 2702 2829 -168 4977
2168 781 2713 2641 234 4469
2498 859 2546 2689 -229 4142
3024 771 2368 2775 -791 3778
3530 855 2290 2685 -1217 3133
3873 1319 2113 2653 -1545 2437
3971 1504 2111 2450 -1885 1748
3960 1343 2179 2386 -2087 1104
4108 1039 2218 2646 -1551 870
4178 858 2299 3313 -1364 859
4053 750 2315 3982 -1657 932
3918 683 2229 4266 -1989 1069
3765 607 2123 4546 -2331 1288
3628 544 1942 4790 -2537 1273
3718 401 1800 4920 -2694 1396
3853 281 1453 4922 -2871 1690
3926 148 850 4699 -2987 1984
4138 49 179 4419 -2739 2010
4353 -129 -473 3988 -2405 2082
4556 -142 -1059 3505 -2213 1961
4403 132 -1304 2876 -1915 1770
4284 353 -1191 2767 -1727 1650
4114 576 -1368 3026 -1583 1936
4111 774 -1715 3409 -1681 1977
4185 878 -2190 3717 -1989 1533
4018 1185 -2661 4007 -2134 760
3963 1336 -2995 4216 -1797 77
4043 1438 -3120 4274 -1340 -527
3751 1108 -3244 4102 -1030 -1225
3392 748 -3348 3891 -1066 -2025
2918 775 -3381 3724 -1114 -2752
2442 852 -3283 3699 -1172 -3484
2201 718 -3247 3761 -1007 -4069
2358 452 -3162 3823 -438 -4121
2504 269 -3204 3967 125 -4016
2623 208 -3268 4076 638 -3991
2689 67 -3179 4259 753 -3984
2695 -94 -3101 4337 793 -3683
2787 -125 -2866 4153 795 -3506
2863 -227 -2399 3865 795 -3349
3020 -367 -1909 3555 795 -3201
3167 -605 -1499 3195 805 -3014
3298 -803 -1405 2903 874 -2830
