11 -1 5 -1 4 -1 
11 -1 5 -1 4 -1 
11 -1 1 -1 4 -1 
11 -1 1 -1 4 -1 
11 -1 1 -1 4 -1 
11 -1 1 -1 4 -1 
11 -1 1 -1 4 -1 
11 -1 1 -1 4 -1 
11 -1 1 -1 4 -1 
11 -1 1 -1 4 -1 
11 -1 1 -1 4 -1 
11 -1 1 -1 4 -1 
11 -1 1 -1 4 -1 
11 -1 1 -1 13 -1 
11 -1 1 -1 13 -1 
11 -1 1 -1 3 -1 
8 -1 1 -1 3 -1 
8 -1 1 -1 3 -1 
8 -1 1 -1 18 -1 
8 -1 1 -1 18 -1 
10 -1 1 -1 18 -1 
10 -1 7 -1 18 -1 
10 -1 7 -1 16 -1 
10 -1 7 -1 16 3 
10 -1 18 -1 16 -1 
10 -1 18 -1 16 -1 
10 -1 18 -1 16 -1 
10 -1 18 -1 16 -1 
10 -1 18 -1 16 -1 
10 -1 18 -1 16 -1 
10 -1 18 -1 16 -1 
0 -1 8 -1 16 -1 
0 -1 8 8 16 -1 
0 -1 8 8 16 -1 
0 -1 8 8 16 -1 
0 -1 8 8 16 -1 
0 -1 8 8 16 -1 
0 -1 8 8 16 -1 
0 -1 8 8 16 -1 
0 -1 8 8 16 -1 
0 -1 7 8 18 -1 
0 -1 7 -1 16 -1 
0 -1 7 -1 16 -1 
0 -1 7 -1 16 -1 
0 -1 7 -1 6 -1 
0 -1 7 -1 6 13 
0 -1 7 -1 6 -1 
0 -1 7 -1 6 -1 
0 -1 10 -1 6 -1 
10 -1 10 10 6 -1 
10 -1 10 10 6 -1 
10 -1 10 10 6 -1 
10 -1 10 10 6 -1 
10 -1 10 10 6 -1 
10 -1 10 10 16 -1 
10 -1 10 10 16 -1 
10 -1 10 10 18 -1 
10 -1 10 10 18 -1 
10 -1 10 10 18 -1 
10 -1 10 10 18 -1 
10 -1 10 10 18 -1 
10 -1 10 10 18 -1 
10 -1 10 10 3 -1 
10 -1 10 10 3 3 
10 -1 10 10 3 3 
2 -1 8 10 0 3 
2 8 8 8 0 0 
10 -1 8 8 3 0 
10 -1 8 8 3 3 
10 -1 8 8 3 3 
10 -1 8 8 3 3 
2 -1 8 8 3 3 
2 -1 18 8 3 3 
2 -1 18 -1 3 3 
2 -1 18 -1 3 3 
2 -1 18 -1 3 3 
2 -1 18 -1 3 3 
2 -1 18 -1 3 3 
2 -1 18 -1 18 3 
2 -1 18 -1 18 -1 
2 -1 18 -1 3 -1 
10 -1 18 -1 3 3 
10 -1 3 -1 13 3 
10 -1 9 3 4 13 
10 -1 9 18 4 -1 
10 -1 9 -1 4 -1 
10 -1 9 -1 4 -1 
10 -1 9 -1 4 -1 
10 -1 9 -1 4 -1 
10 -1 9 -1 15 -1 
10 -1 9 -1 15 18 
10 -1 9 -1 15 -1 
10 -1 9 -1 15 -1 
10 -1 9 -1 15 -1 
10 -1 9 -1 15 -1 
2 -1 18 -1 15 -1 
2 -1 18 9 15 -1 
2 -1 18 -1 15 -1 
2 -1 18 -1 15 -1 
