5 -1 18 -1 15 -1 
5 -1 18 -1 15 -1 
5 -1 18 -1 15 -1 
5 -1 18 -1 15 -1 
5 -1 3 -1 15 -1 
5 -1 9 -1 15 -1 
5 -1 9 -1 15 -1 
5 -1 3 -1 15 -1 
10 -1 3 -1 15 -1 
10 -1 3 -1 15 -1 
10 -1 3 -1 15 -1 
10 -1 3 -1 4 -1 
10 -1 3 -1 4 -1 
10 -1 3 -1 4 -1 
10 -1 3 -1 4 -1 
10 -1 9 -1 4 -1 
10 -1 3 -1 13 -1 
10 -1 3 -1 13 -1 
2 -1 3 -1 3 -1 
2 -1 3 -1 3 -1 
2 -1 3 -1 3 -1 
2 -1 3 -1 3 -1 
2 -1 3 -1 3 -1 
2 -1 18 -1 3 -1 
2 -1 18 -1 3 -1 
2 -1 18 -1 3 -1 
2 -1 18 -1 3 -1 
2 -1 8 -1 3 -1 
2 -1 8 -1 3 -1 
2 -1 8 -1 3 -1 
2 -1 8 -1 3 -1 
2 -1 8 -1 3 -1 
2 -1 8 -1 3 -1 
2 -1 8 -1 13 -1 
2 -1 10 -1 13 -1 
2 -1 10 -1 3 -1 
2 -1 10 -1 3 -1 
2 -1 10 -1 3 -1 
2 -1 10 -1 3 -1 
2 -1 10 -1 18 -1 
2 -1 10 -1 18 -1 
2 -1 10 -1 18 -1 
2 -1 10 -1 18 -1 
2 -1 10 -1 16 15 
10 -1 10 -1 16 -1 
10 -1 10 -1 16 -1 
10 -1 10 -1 6 4 
10 -1 10 -1 6 -1 
10 -1 10 -1 6 -1 
10 -1 10 -1 6 -1 
7 -1 10 -1 6 -1 
0 -1 10 -1 6 -1 
0 -1 10 -1 6 -1 
0 -1 10 -1 6 -1 
0 -1 10 -1 6 -1 
0 -1 10 -1 6 -1 
0 -1 10 -1 6 -1 
0 -1 10 -1 6 -1 
0 -1 10 -1 18 -1 
0 -1 10 -1 6 -1 
0 -1 8 -1 6 -1 
0 -1 8 -1 6 -1 
0 -1 8 -1 16 -1 
0 -1 8 -1 16 -1 
0 -1 8 -1 16 -1 
0 -1 8 -1 16 -1 
0 -1 8 -1 16 -1 
0 -1 8 -1 16 -1 
0 -1 8 -1 16 -1 
0 -1 18 -1 16 -1 
0 -1 18 -1 16 -1 
0 -1 18 -1 16 -1 
0 -1 18 -1 16 -1 
0 -1 18 -1 16 -1 
0 -1 18 -1 16 -1 
0 -1 18 -1 6 -1 
0 -1 7 9 16 -1 
10 -1 7 -1 18 -1 
10 -1 7 -1 18 -1 
7 -1 7 -1 18 -1 
7 -1 7 -1 18 -1 
7 -1 7 -1 18 -1 
8 5 7 -1 18 -1 
8 -1 7 -1 3 -1 
8 -1 7 -1 3 -1 
8 -1 7 -1 13 -1 
8 -1 0 3 13 -1 
8 -1 0 -1 13 -1 
8 -1 0 -1 13 -1 
8 -1 0 -1 12 6 
8 -1 0 -1 4 16 
8 -1 0 -1 4 -1 
8 -1 0 -1 4 -1 
11 2 0 -1 4 -1 
11 -1 0 -1 4 -1 
11 -1 1 10 4 -1 
11 -1 1 -1 4 -1 
11 -1 1 -1 4 -1 
11 -1 1 -1 4 -1 
