11 -1 5 -1 4 -1 
11 -1 5 -1 4 -1 
11 -1 1 -1 4 -1 
11 -1 1 -1 4 -1 
11 -1 1 -1 4 -1 
11 -1 1 -1 4 -1 
11 -1 1 -1 4 -1 
11 -1 1 -1 4 -1 
11 -1 1 -1 4 -1 
11 -1 1 -1 4 -1 
11 -1 1 -1 4 -1 
11 -1 1 -1 4 -1 
11 -1 1 -1 4 -1 
11 -1 1 -1 13 -1 
11 -1 1 -1 13 -1 
11 -1 1 -1 3 -1 
8 -1 1 -1 3 -1 
8 -1 1 -1 3 -1 
8 -1 1 -1 18 -1 
8 -1 1 -1 18 -1 
10 -1 1 -1 18 -1 
10 -1 7 -1 18 -1 
10 -1 7 -1 16 -1 
10 -1 7 -1 16 -1 
10 -1 18 -1 16 -1 
10 -1 18 -1 16 -1 
10 -1 18 -1 16 -1 
10 -1 18 -1 16 -1 
10 -1 18 -1 16 -1 
10 -1 18 -1 16 -1 
10 -1 18 -1 16 -1 
0 -1 8 -1 16 -1 
0 -1 8 -1 16 -1 
0 -1 8 -1 16 -1 
0 -1 8 -1 16 -1 
0 -1 8 -1 16 -1 
0 -1 8 -1 16 -1 
0 -1 8 -1 16 -1 
0 -1 8 -1 16 -1 
0 -1 8 -1 16 -1 
0 -1 7 -1 18 -1 
0 -1 7 -1 16 -1 
0 -1 7 -1 16 -1 
0 -1 7 -1 16 -1 
0 -1 7 -1 6 4 
0 -1 7 -1 6 -1 
0 -1 7 -1 6 -1 
0 -1 7 -1 6 -1 
0 -1 10 5 6 -1 
0 -1 10 -1 6 -1 
0 -1 10 -1 6 -1 
0 -1 10 -1 6 -1 
0 -1 10 -1 6 -1 
0 -1 10 -1 6 -1 
0 -1 10 -1 16 -1 
0 -1 10 -1 16 -1 
0 -1 10 -1 18 -1 
0 -1 10 -1 18 -1 
10 -1 10 -1 18 -1 
10 -1 10 -1 18 -1 
10 -1 10 -1 18 -1 
10 -1 10 -1 18 -1 
10 -1 10 -1 3 -1 
10 -1 10 -1 3 -1 
10 -1 10 -1 3 -1 
2 -1 8 -1 13 -1 
2 -1 8 -1 13 -1 
2 -1 8 -1 3 -1 
2 -1 8 -1 3 -1 
2 -1 8 -1 3 -1 
2 -1 8 -1 3 -1 
2 -1 8 -1 3 -1 
2 -1 8 -1 3 -1 
2 -1 18 -1 3 -1 
2 -1 18 -1 3 -1 
2 -1 18 -1 3 -1 
2 -1 18 -1 3 -1 
2 -1 18 -1 3 -1 
2 -1 18 -1 3 -1 
2 -1 18 -1 3 -1 
2 -1 18 -1 3 -1 
2 -1 18 -1 3 -1 
2 -1 3 1 13 -1 
2 -1 9 7 13 -1 
2 -1 3 -1 13 -1 
2 -1 3 -1 13 -1 
2 -1 3 -1 12 6 
2 -1 3 -1 4 16 
2 -1 3 -1 4 -1 
2 -1 3 -1 15 18 
2 -1 3 -1 15 -1 
2 -1 3 -1 15 -1 
2 -1 9 -1 15 -1 
2 -1 9 -1 15 -1 
2 -1 3 -1 15 -1 
2 -1 3 -1 15 -1 
2 -1 3 -1 15 -1 
2 -1 3 -1 15 -1 
2 -1 3 -1 15 -1 
