25 -1 15 -1 8 -1 6 -1 30 -1 30 -1 30 -1 9 -1 
9 -1 30 -1 15 -1 6 -1 25 -1 8 -1 30 -1 30 -1 
30 -1 15 -1 30 -1 9 -1 25 -1 6 -1 30 -1 8 -1 
15 -1 8 -1 6 -1 30 -1 25 -1 30 -1 9 -1 30 -1 
30 -1 30 -1 25 -1 15 -1 9 -1 30 -1 6 -1 8 -1 
30 -1 8 -1 30 -1 30 -1 6 -1 9 -1 15 -1 25 -1 
25 -1 30 -1 15 -1 30 -1 6 -1 30 -1 8 -1 9 -1 
15 -1 25 -1 30 -1 30 -1 30 -1 9 -1 6 -1 8 -1 
30 -1 30 -1 25 -1 30 -1 9 -1 8 -1 6 -1 15 -1 
9 -1 30 -1 15 -1 8 -1 25 -1 6 -1 30 -1 30 -1 
8 -1 30 -1 6 -1 15 -1 30 -1 30 -1 9 -1 25 -1 
9 -1 30 -1 15 -1 30 -1 25 -1 6 -1 30 -1 8 -1 
30 -1 15 -1 8 -1 25 -1 30 -1 30 -1 9 -1 6 -1 
9 -1 30 -1 25 -1 30 -1 6 -1 8 -1 30 -1 15 -1 
30 -1 15 -1 25 -1 30 -1 30 -1 9 -1 8 -1 6 -1 
30 -1 30 -1 8 -1 30 -1 15 -1 9 -1 25 -1 6 -1 
6 -1 30 -1 9 -1 15 -1 30 -1 8 -1 25 -1 30 -1 
9 -1 30 -1 6 -1 8 -1 25 -1 30 -1 30 -1 15 -1 
15 -1 30 -1 25 -1 30 -1 8 -1 9 -1 6 -1 30 -1 
30 -1 15 -1 8 -1 25 -1 6 -1 30 -1 9 -1 30 -1 
9 -1 30 -1 30 -1 30 -1 25 -1 8 -1 6 -1 15 -1 
6 -1 30 -1 25 -1 8 -1 30 -1 15 -1 9 -1 30 -1 
25 -1 9 -1 30 -1 6 -1 15 -1 30 -1 8 -1 30 -1 
15 -1 6 -1 30 -1 30 -1 25 -1 30 -1 9 -1 8 -1 
30 -1 30 -1 15 -1 9 -1 30 -1 6 -1 25 -1 8 -1 
9 -1 30 -1 8 -1 6 -1 30 -1 15 -1 25 -1 30 -1 
6 -1 30 -1 9 -1 8 -1 30 -1 15 -1 25 -1 30 -1 
25 -1 15 -1 30 -1 30 -1 6 -1 9 -1 8 -1 30 -1 
25 -1 15 -1 30 -1 9 -1 30 -1 8 -1 30 -1 6 -1 
9 -1 30 -1 30 -1 25 -1 6 -1 15 -1 8 -1 30 -1 
15 -1 25 -1 30 -1 8 -1 6 -1 30 -1 9 -1 30 -1 
30 -1 8 -1 15 -1 30 -1 30 -1 9 -1 6 -1 25 -1 
6 -1 30 -1 15 -1 30 -1 9 -1 8 -1 25 -1 30 -1 
15 -1 30 -1 25 -1 30 -1 6 -1 9 -1 8 -1 30 -1 
30 -1 25 -1 15 -1 8 -1 6 -1 9 -1 30 -1 30 -1 
15 -1 30 -1 30 -1 6 -1 8 -1 25 -1 30 -1 9 -1 
30 -1 30 -1 25 -1 30 -1 6 -1 9 -1 8 -1 15 -1 
6 -1 15 -1 25 -1 30 -1 30 -1 30 -1 8 -1 9 -1 
30 -1 30 -1 15 -1 6 -1 30 -1 9 -1 25 -1 8 -1 
15 -1 30 -1 8 -1 25 -1 9 -1 30 -1 30 -1 6 -1 
30 -1 25 -1 15 -1 6 -1 9 -1 30 -1 30 -1 8 -1 
30 -1 25 -1 30 -1 30 -1 8 -1 15 -1 9 -1 6 -1 
9 -1 30 -1 25 -1 6 -1 30 -1 15 -1 30 -1 8 -1 
30 -1 15 -1 25 -1 30 -1 30 -1 8 -1 6 -1 9 -1 
15 -1 30 -1 8 -1 30 -1 9 -1 6 -1 25 -1 30 -1 
8 -1 30 -1 30 -1 6 -1 15 -1 30 -1 9 -1 25 -1 
15 -1 30 -1 30 -1 25 -1 6 -1 8 -1 9 -1 30 -1 
6 -1 8 -1 30 -1 9 -1 25 -1 30 -1 15 -1 30 -1 
9 -1 30 -1 30 -1 15 -1 30 -1 8 -1 6 -1 25 -1 
30 -1 8 -1 30 -1 9 -1 6 -1 15 -1 25 -1 30 -1 
30 -1 30 -1 30 -1 15 -1 8 -1 6 -1 25 -1 9 -1 
15 -1 30 -1 30 -1 30 -1 8 -1 6 -1 9 -1 25 -1 
6 -1 25 -1 30 -1 8 -1 15 -1 9 -1 30 -1 30 -1 
15 -1 6 -1 8 -1 30 -1 30 -1 9 -1 25 -1 30 -1 
6 -1 8 -1 30 -1 25 -1 30 -1 15 -1 9 -1 30 -1 
30 -1 15 -1 30 -1 30 -1 8 -1 9 -1 6 -1 25 -1 
8 -1 25 -1 6 -1 9 -1 15 -1 30 -1 30 -1 30 -1 
30 -1 8 -1 15 -1 30 -1 9 -1 25 -1 6 -1 30 -1 
30 -1 25 -1 15 -1 6 -1 30 -1 9 -1 8 -1 30 -1 
30 -1 6 -1 9 -1 8 -1 30 -1 30 -1 25 -1 15 -1 
25 -1 6 -1 8 -1 15 -1 30 -1 30 -1 30 -1 9 -1 
30 -1 9 -1 6 -1 15 -1 8 -1 30 -1 30 -1 25 -1 
15 -1 25 -1 9 -1 30 -1 6 -1 30 -1 8 -1 30 -1 
6 -1 30 -1 30 -1 30 -1 9 -1 8 -1 25 -1 15 -1 
15 -1 30 -1 25 -1 30 -1 6 -1 8 -1 30 -1 9 -1 
8 -1 30 -1 30 -1 30 -1 15 -1 9 -1 6 -1 25 -1 
25 -1 9 -1 30 -1 6 -1 30 -1 30 -1 8 -1 15 -1 
6 -1 30 -1 25 -1 9 -1 8 -1 30 -1 15 -1 30 -1 
6 -1 30 -1 30 -1 25 -1 9 -1 30 -1 8 -1 15 -1 
6 -1 30 -1 30 -1 15 -1 25 -1 9 -1 30 -1 8 -1 
15 -1 30 -1 9 -1 30 -1 6 -1 30 -1 25 -1 8 -1 
6 -1 30 -1 9 -1 15 -1 30 -1 30 -1 25 -1 8 -1 
6 -1 30 -1 30 -1 30 -1 9 -1 15 -1 25 -1 8 -1 
6 -1 30 -1 8 -1 30 -1 30 -1 15 -1 9 -1 25 -1 
25 -1 15 -1 9 -1 6 -1 30 -1 30 -1 30 -1 8 -1 
30 -1 8 -1 15 -1 9 -1 6 -1 25 -1 30 -1 30 -1 
6 -1 15 -1 30 -1 8 -1 9 -1 30 -1 30 -1 25 -1 
8 -1 30 -1 25 -1 9 -1 15 -1 30 -1 30 -1 6 -1 
30 -1 9 -1 15 -1 30 -1 25 -1 6 -1 30 -1 8 -1 
30 -1 30 -1 6 -1 9 -1 15 -1 8 -1 25 -1 30 -1 
15 -1 8 -1 30 -1 30 -1 9 -1 25 -1 30 -1 6 -1 
15 -1 6 -1 30 -1 30 -1 30 -1 25 -1 9 -1 8 -1 
6 -1 8 -1 9 -1 25 -1 30 -1 30 -1 15 -1 30 -1 
6 -1 30 -1 25 -1 9 -1 30 -1 8 -1 30 -1 15 -1 
8 -1 25 -1 6 -1 30 -1 9 -1 30 -1 30 -1 15 -1 
25 -1 9 -1 30 -1 30 -1 30 -1 6 -1 8 -1 15 -1 
25 -1 6 -1 9 -1 30 -1 30 -1 8 -1 30 -1 15 -1 
6 -1 30 -1 25 -1 30 -1 8 -1 30 -1 9 -1 15 -1 
15 -1 8 -1 30 -1 30 -1 30 -1 6 -1 25 -1 9 -1 
9 -1 25 -1 15 -1 30 -1 30 -1 8 -1 30 -1 6 -1 
25 -1 30 -1 15 -1 9 -1 30 -1 8 -1 30 -1 6 -1 
8 -1 30 -1 6 -1 9 -1 30 -1 30 -1 15 -1 25 -1 
8 -1 6 -1 30 -1 25 -1 30 -1 15 -1 9 -1 30 -1 
25 -1 15 -1 30 -1 30 -1 6 -1 9 -1 30 -1 8 -1 
30 -1 9 -1 30 -1 8 -1 6 -1 15 -1 25 -1 30 -1 
6 -1 30 -1 9 -1 30 -1 30 -1 25 -1 15 -1 8 -1 
30 -1 9 -1 6 -1 30 -1 15 -1 25 -1 8 -1 30 -1 
25 -1 30 -1 15 -1 6 -1 30 -1 9 -1 30 -1 8 -1 
25 -1 30 -1 6 -1 8 -1 30 -1 30 -1 9 -1 15 -1 
30 -1 8 -1 25 -1 30 -1 30 -1 6 -1 15 -1 9 -1 
25 -1 30 -1 9 -1 6 -1 8 -1 30 -1 15 -1 30 -1 
8 -1 30 -1 9 -1 25 -1 15 -1 30 -1 30 -1 6 -1 
15 -1 9 -1 30 -1 25 -1 30 -1 6 -1 30 -1 8 -1 
30 -1 9 -1 6 -1 8 -1 30 -1 15 -1 25 -1 30 -1 
30 -1 6 -1 25 -1 30 -1 9 -1 8 -1 30 -1 15 -1 
6 -1 15 -1 30 -1 30 -1 9 -1 8 -1 25 -1 30 -1 
25 -1 9 -1 30 -1 30 -1 8 -1 6 -1 15 -1 30 -1 
15 -1 25 -1 9 -1 30 -1 8 -1 6 -1 30 -1 30 -1 
30 -1 9 -1 15 -1 30 -1 8 -1 6 -1 25 -1 30 -1 
6 -1 15 -1 30 -1 30 -1 25 -1 9 -1 8 -1 30 -1 
8 -1 30 -1 9 -1 6 -1 30 -1 30 -1 25 -1 15 -1 
30 -1 25 -1 9 -1 30 -1 8 -1 15 -1 6 -1 30 -1 
6 -1 15 -1 25 -1 9 -1 8 -1 30 -1 30 -1 30 -1 
30 -1 15 -1 6 -1 30 -1 25 -1 30 -1 8 -1 9 -1 
8 -1 15 -1 25 -1 30 -1 30 -1 9 -1 6 -1 30 -1 
30 -1 15 -1 30 -1 30 -1 6 -1 9 -1 25 -1 8 -1 
6 -1 15 -1 30 -1 9 -1 25 -1 8 -1 30 -1 30 -1 
9 -1 25 -1 30 -1 8 -1 30 -1 15 -1 6 -1 30 -1 
8 -1 30 -1 25 -1 30 -1 15 -1 6 -1 30 -1 9 -1 
30 -1 30 -1 25 -1 15 -1 30 -1 9 -1 6 -1 8 -1 
30 -1 30 -1 9 -1 6 -1 8 -1 15 -1 25 -1 30 -1 
8 -1 25 -1 6 -1 30 -1 15 -1 30 -1 30 -1 9 -1 
15 -1 9 -1 30 -1 8 -1 30 -1 25 -1 6 -1 30 -1 
30 -1 30 -1 25 -1 6 -1 30 -1 9 -1 8 -1 15 -1 
6 -1 15 -1 25 -1 30 -1 8 -1 30 -1 30 -1 9 -1 
30 -1 15 -1 8 -1 30 -1 6 -1 9 -1 25 -1 30 -1 
6 -1 30 -1 15 -1 30 -1 8 -1 30 -1 25 -1 9 -1 
25 -1 30 -1 30 -1 9 -1 15 -1 30 -1 6 -1 8 -1 
15 -1 30 -1 8 -1 30 -1 9 -1 30 -1 25 -1 6 -1 
8 -1 30 -1 25 -1 6 -1 15 -1 9 -1 30 -1 30 -1 
15 -1 30 -1 8 -1 9 -1 6 -1 30 -1 25 -1 30 -1 
9 -1 8 -1 6 -1 30 -1 25 -1 30 -1 30 -1 15 -1 
30 -1 9 -1 6 -1 8 -1 25 -1 30 -1 15 -1 30 -1 
30 -1 30 -1 9 -1 8 -1 6 -1 15 -1 25 -1 30 -1 
30 -1 25 -1 30 -1 8 -1 30 -1 15 -1 9 -1 6 -1 
30 -1 30 -1 25 -1 15 -1 9 -1 8 -1 30 -1 6 -1 
30 -1 15 -1 25 -1 6 -1 8 -1 9 -1 30 -1 30 -1 
8 -1 6 -1 30 -1 25 -1 30 -1 30 -1 9 -1 15 -1 
15 -1 6 -1 25 -1 8 -1 9 -1 30 -1 30 -1 30 -1 
25 -1 6 -1 30 -1 8 -1 30 -1 30 -1 9 -1 15 -1 
6 -1 8 -1 30 -1 25 -1 30 -1 15 -1 30 -1 9 -1 
15 -1 30 -1 6 -1 9 -1 8 -1 25 -1 30 -1 30 -1 
30 -1 30 -1 9 -1 25 -1 8 -1 6 -1 15 -1 30 -1 
30 -1 9 -1 15 -1 25 -1 30 -1 6 -1 8 -1 30 -1 
30 -1 25 -1 8 -1 9 -1 15 -1 30 -1 6 -1 30 -1 
6 -1 30 -1 8 -1 30 -1 25 -1 30 -1 9 -1 15 -1 
6 -1 30 -1 9 -1 8 -1 30 -1 15 -1 25 -1 30 -1 
30 -1 6 -1 25 -1 9 -1 30 -1 15 -1 8 -1 30 -1 
6 -1 9 -1 15 -1 25 -1 30 -1 30 -1 30 -1 8 -1 
9 -1 30 -1 8 -1 6 -1 25 -1 30 -1 30 -1 15 -1 
8 -1 15 -1 30 -1 30 -1 30 -1 25 -1 6 -1 9 -1 
8 -1 30 -1 9 -1 30 -1 25 -1 30 -1 6 -1 15 -1 
6 -1 15 -1 9 -1 30 -1 30 -1 25 -1 8 -1 30 -1 
6 -1 25 -1 8 -1 9 -1 30 -1 30 -1 15 -1 30 -1 
30 -1 30 -1 25 -1 8 -1 9 -1 15 -1 6 -1 30 -1 
30 -1 15 -1 25 -1 6 -1 30 -1 9 -1 30 -1 8 -1 
30 -1 15 -1 30 -1 6 -1 30 -1 8 -1 25 -1 9 -1 
6 -1 8 -1 15 -1 25 -1 30 -1 30 -1 9 -1 30 -1 
30 -1 6 -1 30 -1 30 -1 25 -1 15 -1 9 -1 8 -1 
30 -1 8 -1 9 -1 30 -1 30 -1 25 -1 15 -1 6 -1 
15 -1 8 -1 6 -1 25 -1 30 -1 9 -1 30 -1 30 -1 
30 -1 9 -1 30 -1 8 -1 25 -1 30 -1 6 -1 15 -1 
9 -1 25 -1 8 -1 15 -1 30 -1 30 -1 30 -1 6 -1 
30 -1 15 -1 9 -1 8 -1 30 -1 6 -1 30 -1 25 -1 
9 -1 15 -1 8 -1 30 -1 25 -1 30 -1 30 -1 6 -1 
30 -1 8 -1 9 -1 25 -1 6 -1 30 -1 30 -1 15 -1 
30 -1 8 -1 30 -1 30 -1 15 -1 9 -1 25 -1 6 -1 
9 -1 30 -1 6 -1 15 -1 30 -1 25 -1 8 -1 30 -1 
15 -1 9 -1 25 -1 30 -1 30 -1 6 -1 8 -1 30 -1 
15 -1 30 -1 9 -1 25 -1 8 -1 30 -1 6 -1 30 -1 
6 -1 30 -1 9 -1 30 -1 25 -1 30 -1 8 -1 15 -1 
8 -1 6 -1 25 -1 30 -1 30 -1 15 -1 9 -1 30 -1 
6 -1 15 -1 30 -1 8 -1 9 -1 30 -1 30 -1 25 -1 
30 -1 25 -1 30 -1 30 -1 15 -1 6 -1 8 -1 9 -1 
30 -1 25 -1 9 -1 8 -1 6 -1 15 -1 30 -1 30 -1 
15 -1 30 -1 30 -1 6 -1 8 -1 9 -1 30 -1 25 -1 
6 -1 25 -1 30 -1 9 -1 30 -1 15 -1 30 -1 8 -1 
30 -1 8 -1 9 -1 6 -1 25 -1 15 -1 30 -1 30 -1 
30 -1 30 -1 9 -1 15 -1 25 -1 30 -1 8 -1 6 -1 
25 -1 30 -1 6 -1 8 -1 9 -1 15 -1 30 -1 30 -1 
15 -1 6 -1 30 -1 9 -1 30 -1 25 -1 8 -1 30 -1 
30 -1 8 -1 30 -1 30 -1 6 -1 15 -1 9 -1 25 -1 
15 -1 30 -1 9 -1 6 -1 30 -1 8 -1 30 -1 25 -1 
8 -1 6 -1 15 -1 30 -1 25 -1 30 -1 30 -1 9 -1 
6 -1 8 -1 30 -1 25 -1 15 -1 30 -1 30 -1 9 -1 
25 -1 30 -1 6 -1 30 -1 15 -1 30 -1 9 -1 8 -1 
15 -1 25 -1 8 -1 9 -1 30 -1 30 -1 30 -1 6 -1 
30 -1 25 -1 8 -1 15 -1 30 -1 6 -1 9 -1 30 -1 
25 -1 30 -1 9 -1 8 -1 30 -1 15 -1 6 -1 30 -1 
9 -1 30 -1 25 -1 6 -1 30 -1 15 -1 8 -1 30 -1 
6 -1 30 -1 9 -1 8 -1 25 -1 30 -1 15 -1 30 -1 
25 -1 30 -1 6 -1 30 -1 9 -1 15 -1 8 -1 30 -1 
30 -1 25 -1 30 -1 30 -1 15 -1 8 -1 6 -1 9 -1 
30 -1 15 -1 8 -1 25 -1 6 -1 9 -1 30 -1 30 -1 
30 -1 6 -1 15 -1 30 -1 9 -1 8 -1 30 -1 25 -1 
25 -1 30 -1 30 -1 8 -1 30 -1 6 -1 15 -1 9 -1 
6 -1 30 -1 9 -1 8 -1 25 -1 30 -1 15 -1 30 -1 
30 -1 9 -1 25 -1 30 -1 15 -1 30 -1 8 -1 6 -1 
8 -1 9 -1 30 -1 6 -1 30 -1 25 -1 30 -1 15 -1 
6 -1 30 -1 25 -1 8 -1 30 -1 15 -1 30 -1 9 -1 
30 -1 8 -1 30 -1 9 -1 25 -1 15 -1 6 -1 30 -1 
6 -1 25 -1 30 -1 30 -1 30 -1 15 -1 8 -1 9 -1 
15 -1 25 -1 6 -1 9 -1 30 -1 8 -1 30 -1 30 -1 
8 -1 30 -1 6 -1 9 -1 15 -1 30 -1 25 -1 30 -1 
30 -1 30 -1 8 -1 25 -1 30 -1 6 -1 9 -1 15 -1 
30 -1 30 -1 15 -1 8 -1 30 -1 6 -1 9 -1 25 -1 
25 -1 9 -1 8 -1 6 -1 30 -1 30 -1 30 -1 15 -1 
6 -1 30 -1 15 -1 30 -1 30 -1 9 -1 25 -1 8 -1 
6 -1 30 -1 30 -1 25 -1 30 -1 9 -1 8 -1 15 -1 
15 -1 30 -1 6 -1 8 -1 30 -1 30 -1 9 -1 25 -1 
30 -1 30 -1 25 -1 9 -1 6 -1 15 -1 30 -1 8 -1 
25 -1 15 -1 30 -1 30 -1 9 -1 30 -1 8 -1 6 -1 
8 -1 6 -1 25 -1 30 -1 9 -1 30 -1 15 -1 30 -1 
30 -1 15 -1 25 -1 9 -1 8 -1 30 -1 6 -1 30 -1 
25 -1 30 -1 30 -1 8 -1 6 -1 15 -1 30 -1 9 -1 
15 -1 9 -1 30 -1 8 -1 25 -1 30 -1 30 -1 6 -1 
30 -1 30 -1 6 -1 9 -1 8 -1 30 -1 15 -1 25 -1 
30 -1 6 -1 15 -1 9 -1 30 -1 30 -1 25 -1 8 -1 
9 -1 15 -1 30 -1 30 -1 6 -1 30 -1 8 -1 25 -1 
25 -1 30 -1 8 -1 15 -1 6 -1 30 -1 9 -1 30 -1 
15 -1 30 -1 9 -1 25 -1 6 -1 30 -1 8 -1 30 -1 
30 -1 9 -1 6 -1 30 -1 8 -1 15 -1 30 -1 25 -1 
30 -1 15 -1 30 -1 6 -1 9 -1 25 -1 30 -1 8 -1 
9 -1 30 -1 30 -1 8 -1 30 -1 15 -1 6 -1 25 -1 
8 -1 6 -1 30 -1 25 -1 30 -1 15 -1 9 -1 30 -1 
30 -1 15 -1 6 -1 25 -1 30 -1 8 -1 30 -1 9 -1 
8 -1 6 -1 15 -1 30 -1 25 -1 9 -1 30 -1 30 -1 
30 -1 15 -1 8 -1 30 -1 9 -1 30 -1 6 -1 25 -1 
8 -1 30 -1 6 -1 9 -1 15 -1 30 -1 25 -1 30 -1 
30 -1 30 -1 9 -1 30 -1 25 -1 6 -1 8 -1 15 -1 
6 -1 30 -1 30 -1 9 -1 30 -1 8 -1 15 -1 25 -1 
30 -1 15 -1 6 -1 30 -1 8 -1 25 -1 30 -1 9 -1 
30 -1 8 -1 15 -1 25 -1 30 -1 6 -1 30 -1 9 -1 
30 -1 6 -1 30 -1 8 -1 25 -1 15 -1 9 -1 30 -1 
25 -1 9 -1 30 -1 30 -1 15 -1 6 -1 30 -1 8 -1 
30 -1 9 -1 6 -1 30 -1 30 -1 8 -1 25 -1 15 -1 
15 -1 30 -1 30 -1 25 -1 8 -1 30 -1 9 -1 6 -1 
25 -1 8 -1 9 -1 30 -1 6 -1 30 -1 30 -1 15 -1 
25 -1 6 -1 30 -1 9 -1 30 -1 30 -1 8 -1 15 -1 
30 -1 6 -1 30 -1 9 -1 8 -1 15 -1 25 -1 30 -1 
30 -1 15 -1 30 -1 9 -1 30 -1 8 -1 6 -1 25 -1 
30 -1 6 -1 25 -1 9 -1 30 -1 8 -1 30 -1 15 -1 
8 -1 30 -1 30 -1 30 -1 9 -1 15 -1 6 -1 25 -1 
8 -1 30 -1 15 -1 9 -1 30 -1 25 -1 6 -1 30 -1 
15 -1 30 -1 6 -1 25 -1 30 -1 9 -1 30 -1 8 -1 
6 -1 30 -1 9 -1 30 -1 25 -1 30 -1 15 -1 8 -1 
25 -1 30 -1 30 -1 6 -1 9 -1 8 -1 15 -1 30 -1 
15 -1 30 -1 30 -1 30 -1 8 -1 25 -1 6 -1 9 -1 
9 -1 6 -1 15 -1 30 -1 25 -1 8 -1 30 -1 30 -1 
30 -1 15 -1 6 -1 30 -1 9 -1 30 -1 8 -1 25 -1 
9 -1 30 -1 25 -1 15 -1 8 -1 30 -1 6 -1 30 -1 
25 -1 6 -1 8 -1 30 -1 9 -1 30 -1 15 -1 30 -1 
6 -1 9 -1 30 -1 15 -1 30 -1 8 -1 25 -1 30 -1 
30 -1 30 -1 15 -1 30 -1 25 -1 6 -1 8 -1 9 -1 
30 -1 30 -1 15 -1 9 -1 25 -1 8 -1 6 -1 30 -1 
30 -1 30 -1 9 -1 25 -1 8 -1 6 -1 15 -1 30 -1 
30 -1 9 -1 25 -1 30 -1 30 -1 8 -1 6 -1 15 -1 
30 -1 30 -1 25 -1 8 -1 15 -1 9 -1 30 -1 6 -1 
9 -1 6 -1 30 -1 30 -1 25 -1 30 -1 8 -1 15 -1 
6 -1 30 -1 30 -1 30 -1 15 -1 25 -1 9 -1 8 -1 
9 -1 25 -1 30 -1 30 -1 15 -1 6 -1 30 -1 8 -1 
8 -1 30 -1 15 -1 6 -1 30 -1 9 -1 25 -1 30 -1 
30 -1 30 -1 8 -1 9 -1 6 -1 30 -1 15 -1 25 -1 
30 -1 25 -1 8 -1 9 -1 30 -1 15 -1 6 -1 30 -1 
30 -1 25 -1 9 -1 15 -1 30 -1 6 -1 8 -1 30 -1 
30 -1 30 -1 9 -1 15 -1 25 -1 30 -1 8 -1 6 -1 
6 -1 30 -1 25 -1 9 -1 30 -1 30 -1 15 -1 8 -1 
30 -1 15 -1 6 -1 9 -1 30 -1 8 -1 30 -1 25 -1 
8 -1 30 -1 30 -1 9 -1 30 -1 15 -1 6 -1 25 -1 
8 -1 30 -1 30 -1 9 -1 25 -1 15 -1 6 -1 30 -1 
8 -1 30 -1 30 -1 30 -1 6 -1 15 -1 25 -1 9 -1 
25 -1 15 -1 6 -1 30 -1 30 -1 9 -1 8 -1 30 -1 
9 -1 25 -1 30 -1 30 -1 15 -1 6 -1 8 -1 30 -1 
30 -1 25 -1 30 -1 8 -1 6 -1 9 -1 15 -1 30 -1 
8 -1 30 -1 9 -1 30 -1 6 -1 30 -1 15 -1 25 -1 
25 -1 30 -1 30 -1 6 -1 15 -1 8 -1 9 -1 30 -1 
30 -1 15 -1 9 -1 6 -1 30 -1 8 -1 30 -1 25 -1 
30 -1 15 -1 25 -1 9 -1 8 -1 6 -1 30 -1 30 -1 
30 -1 30 -1 30 -1 15 -1 9 -1 6 -1 25 -1 8 -1 
8 -1 6 -1 30 -1 30 -1 9 -1 30 -1 25 -1 15 -1 
6 -1 30 -1 9 -1 30 -1 30 -1 15 -1 8 -1 25 -1 
6 -1 9 -1 8 -1 30 -1 30 -1 25 -1 15 -1 30 -1 
25 -1 6 -1 30 -1 9 -1 15 -1 30 -1 30 -1 8 -1 
30 -1 8 -1 6 -1 25 -1 30 -1 15 -1 30 -1 9 -1 
30 -1 30 -1 15 -1 6 -1 9 -1 8 -1 25 -1 30 -1 
8 -1 30 -1 30 -1 30 -1 9 -1 25 -1 15 -1 6 -1 
6 -1 30 -1 30 -1 30 -1 25 -1 9 -1 8 -1 15 -1 
15 -1 8 -1 25 -1 9 -1 30 -1 6 -1 30 -1 30 -1 
25 -1 6 -1 9 -1 30 -1 30 -1 30 -1 15 -1 8 -1 
30 -1 6 -1 30 -1 25 -1 8 -1 15 -1 9 -1 30 -1 
9 -1 30 -1 15 -1 25 -1 6 -1 30 -1 30 -1 8 -1 
30 -1 25 -1 6 -1 15 -1 8 -1 9 -1 30 -1 30 -1 
30 -1 30 -1 25 -1 30 -1 9 -1 8 -1 15 -1 6 -1 
9 -1 6 -1 15 -1 25 -1 30 -1 30 -1 30 -1 8 -1 
25 -1 8 -1 9 -1 6 -1 30 -1 15 -1 30 -1 30 -1 
9 -1 6 -1 8 -1 25 -1 30 -1 30 -1 30 -1 15 -1 
15 -1 8 -1 25 -1 9 -1 30 -1 30 -1 6 -1 30 -1 
15 -1 30 -1 25 -1 9 -1 30 -1 8 -1 6 -1 30 -1 
30 -1 8 -1 9 -1 6 -1 25 -1 30 -1 30 -1 15 -1 
15 -1 30 -1 9 -1 6 -1 8 -1 25 -1 30 -1 30 -1 
9 -1 25 -1 30 -1 30 -1 6 -1 8 -1 30 -1 15 -1 
30 -1 15 -1 8 -1 25 -1 9 -1 30 -1 30 -1 6 -1 
30 -1 30 -1 6 -1 8 -1 25 -1 15 -1 30 -1 9 -1 
25 -1 15 -1 6 -1 30 -1 30 -1 30 -1 9 -1 8 -1 
9 -1 30 -1 8 -1 30 -1 6 -1 15 -1 25 -1 30 -1 
6 -1 30 -1 15 -1 30 -1 8 -1 9 -1 30 -1 25 -1 
6 -1 30 -1 8 -1 25 -1 9 -1 30 -1 30 -1 15 -1 
25 -1 30 -1 8 -1 15 -1 6 -1 30 -1 9 -1 30 -1 
15 -1 6 -1 8 -1 9 -1 30 -1 30 -1 25 -1 30 -1 
8 -1 6 -1 30 -1 30 -1 30 -1 15 -1 25 -1 9 -1 
6 -1 25 -1 8 -1 15 -1 30 -1 9 -1 30 -1 30 -1 
25 -1 30 -1 8 -1 30 -1 6 -1 9 -1 15 -1 30 -1 
25 -1 6 -1 9 -1 15 -1 8 -1 30 -1 30 -1 30 -1 
9 -1 25 -1 8 -1 30 -1 6 -1 15 -1 30 -1 30 -1 
9 -1 15 -1 30 -1 25 -1 30 -1 30 -1 6 -1 8 -1 
25 -1 30 -1 30 -1 9 -1 8 -1 6 -1 15 -1 30 -1 
30 -1 15 -1 25 -1 30 -1 8 -1 9 -1 30 -1 6 -1 
9 -1 8 -1 15 -1 30 -1 30 -1 25 -1 6 -1 30 -1 
25 -1 30 -1 15 -1 8 -1 9 -1 6 -1 30 -1 30 -1 
30 -1 8 -1 30 -1 25 -1 6 -1 30 -1 15 -1 9 -1 
30 -1 30 -1 25 -1 8 -1 6 -1 30 -1 15 -1 9 -1 
15 -1 30 -1 8 -1 30 -1 9 -1 25 -1 6 -1 30 -1 
8 -1 25 -1 30 -1 6 -1 30 -1 9 -1 15 -1 30 -1 
30 -1 30 -1 9 -1 8 -1 6 -1 30 -1 25 -1 15 -1 
30 -1 25 -1 30 -1 6 -1 30 -1 8 -1 9 -1 15 -1 
30 -1 15 -1 9 -1 25 -1 30 -1 8 -1 30 -1 6 -1 
30 -1 6 -1 15 -1 25 -1 30 -1 30 -1 9 -1 8 -1 
30 -1 6 -1 25 -1 8 -1 30 -1 9 -1 15 -1 30 -1 
30 -1 30 -1 30 -1 15 -1 6 -1 25 -1 8 -1 9 -1 
30 -1 30 -1 30 -1 9 -1 6 -1 25 -1 8 -1 15 -1 
8 -1 30 -1 30 -1 25 -1 9 -1 6 -1 15 -1 30 -1 
9 -1 15 -1 30 -1 6 -1 8 -1 25 -1 30 -1 30 -1 
30 -1 30 -1 9 -1 30 -1 8 -1 6 -1 25 -1 15 -1 
30 -1 9 -1 30 -1 15 -1 25 -1 8 -1 30 -1 6 -1 
30 -1 6 -1 25 -1 9 -1 15 -1 8 -1 30 -1 30 -1 
30 -1 30 -1 25 -1 15 -1 8 -1 9 -1 6 -1 30 -1 
9 -1 15 -1 25 -1 8 -1 30 -1 6 -1 30 -1 30 -1 
30 -1 8 -1 6 -1 9 -1 15 -1 25 -1 30 -1 30 -1 
30 -1 15 -1 25 -1 30 -1 9 -1 30 -1 8 -1 6 -1 
30 -1 6 -1 15 -1 9 -1 30 -1 25 -1 30 -1 8 -1 
30 -1 8 -1 9 -1 15 -1 30 -1 6 -1 30 -1 25 -1 
30 -1 30 -1 6 -1 15 -1 8 -1 25 -1 9 -1 30 -1 
9 -1 30 -1 30 -1 25 -1 15 -1 8 -1 30 -1 6 -1 
15 -1 9 -1 8 -1 30 -1 6 -1 30 -1 25 -1 30 -1 
30 -1 30 -1 6 -1 8 -1 30 -1 9 -1 15 -1 25 -1 
9 -1 30 -1 30 -1 30 -1 15 -1 25 -1 6 -1 8 -1 
9 -1 6 -1 25 -1 30 -1 30 -1 8 -1 30 -1 15 -1 
30 -1 8 -1 30 -1 6 -1 30 -1 25 -1 15 -1 9 -1 
30 -1 30 -1 15 -1 30 -1 9 -1 8 -1 25 -1 6 -1 
25 -1 30 -1 6 -1 15 -1 9 -1 30 -1 8 -1 30 -1 
6 -1 25 -1 30 -1 30 -1 8 -1 9 -1 30 -1 15 -1 
30 -1 8 -1 25 -1 6 -1 30 -1 30 -1 9 -1 15 -1 
9 -1 25 -1 30 -1 8 -1 30 -1 15 -1 6 -1 30 -1 
25 -1 9 -1 15 -1 30 -1 6 -1 30 -1 30 -1 8 -1 
6 -1 30 -1 15 -1 30 -1 9 -1 25 -1 8 -1 30 -1 
15 -1 6 -1 25 -1 8 -1 9 -1 30 -1 30 -1 30 -1 
15 -1 30 -1 8 -1 30 -1 6 -1 25 -1 30 -1 9 -1 
8 -1 30 -1 25 -1 30 -1 6 -1 9 -1 15 -1 30 -1 
8 -1 9 -1 30 -1 30 -1 30 -1 15 -1 25 -1 6 -1 
30 -1 30 -1 8 -1 15 -1 30 -1 9 -1 25 -1 6 -1 
9 -1 25 -1 8 -1 30 -1 30 -1 30 -1 15 -1 6 -1 
8 -1 25 -1 30 -1 15 -1 9 -1 30 -1 30 -1 6 -1 
15 -1 9 -1 30 -1 30 -1 6 -1 30 -1 25 -1 8 -1 
9 -1 25 -1 30 -1 30 -1 15 -1 6 -1 30 -1 8 -1 
30 -1 30 -1 6 -1 8 -1 9 -1 15 -1 25 -1 30 -1 
15 -1 8 -1 30 -1 30 -1 30 -1 9 -1 6 -1 25 -1 
15 -1 6 -1 9 -1 8 -1 25 -1 30 -1 30 -1 30 -1 
6 -1 15 -1 30 -1 25 -1 30 -1 9 -1 8 -1 30 -1 
30 -1 8 -1 6 -1 15 -1 30 -1 9 -1 30 -1 25 -1 
30 -1 30 -1 8 -1 6 -1 30 -1 9 -1 25 -1 15 -1 
6 -1 30 -1 30 -1 25 -1 9 -1 30 -1 8 -1 15 -1 
30 -1 9 -1 30 -1 6 -1 30 -1 8 -1 15 -1 25 -1 
25 -1 30 -1 8 -1 30 -1 15 -1 6 -1 9 -1 30 -1 
8 -1 30 -1 25 -1 15 -1 30 -1 6 -1 9 -1 30 -1 
6 -1 30 -1 15 -1 25 -1 9 -1 8 -1 30 -1 30 -1 
30 -1 30 -1 25 -1 9 -1 8 -1 30 -1 15 -1 6 -1 
8 -1 30 -1 30 -1 6 -1 30 -1 25 -1 15 -1 9 -1 
30 -1 8 -1 6 -1 30 -1 9 -1 25 -1 15 -1 30 -1 
6 -1 8 -1 25 -1 30 -1 9 -1 30 -1 15 -1 30 -1 
30 -1 9 -1 30 -1 15 -1 6 -1 30 -1 25 -1 8 -1 
30 -1 9 -1 25 -1 30 -1 15 -1 6 -1 8 -1 30 -1 
30 -1 15 -1 25 -1 30 -1 30 -1 9 -1 6 -1 8 -1 
8 -1 30 -1 30 -1 25 -1 30 -1 9 -1 6 -1 15 -1 
25 -1 8 -1 15 -1 9 -1 6 -1 30 -1 30 -1 30 -1 
8 -1 6 -1 30 -1 30 -1 15 -1 30 -1 25 -1 9 -1 
8 -1 9 -1 15 -1 6 -1 30 -1 30 -1 30 -1 25 -1 
30 -1 25 -1 15 -1 30 -1 30 -1 8 -1 9 -1 6 -1 
8 -1 25 -1 30 -1 15 -1 30 -1 6 -1 30 -1 9 -1 
6 -1 30 -1 25 -1 30 -1 9 -1 30 -1 15 -1 8 -1 
9 -1 30 -1 30 -1 25 -1 15 -1 8 -1 6 -1 30 -1 
6 -1 30 -1 30 -1 15 -1 25 -1 30 -1 9 -1 8 -1 
30 -1 25 -1 30 -1 8 -1 30 -1 15 -1 9 -1 6 -1 
25 -1 15 -1 6 -1 9 -1 30 -1 8 -1 30 -1 30 -1 
30 -1 25 -1 9 -1 15 -1 30 -1 8 -1 30 -1 6 -1 
15 -1 8 -1 30 -1 30 -1 9 -1 30 -1 6 -1 25 -1 
8 -1 6 -1 25 -1 30 -1 15 -1 9 -1 30 -1 30 -1 
25 -1 30 -1 8 -1 15 -1 30 -1 30 -1 6 -1 9 -1 
8 -1 30 -1 6 -1 30 -1 9 -1 15 -1 25 -1 30 -1 
30 -1 15 -1 6 -1 30 -1 30 -1 8 -1 9 -1 25 -1 
30 -1 30 -1 25 -1 30 -1 8 -1 15 -1 6 -1 9 -1 
30 -1 6 -1 15 -1 25 -1 30 -1 30 -1 9 -1 8 -1 
15 -1 30 -1 25 -1 30 -1 6 -1 30 -1 9 -1 8 -1 
15 -1 30 -1 6 -1 25 -1 8 -1 30 -1 30 -1 9 -1 
15 -1 8 -1 30 -1 30 -1 30 -1 6 -1 9 -1 25 -1 
30 -1 8 -1 30 -1 6 -1 25 -1 9 -1 15 -1 30 -1 
9 -1 25 -1 30 -1 8 -1 30 -1 6 -1 15 -1 30 -1 
25 -1 30 -1 30 -1 15 -1 9 -1 30 -1 6 -1 8 -1 
8 -1 15 -1 30 -1 30 -1 25 -1 6 -1 30 -1 9 -1 
30 -1 25 -1 15 -1 30 -1 30 -1 8 -1 6 -1 9 -1 
25 -1 30 -1 9 -1 6 -1 30 -1 15 -1 30 -1 8 -1 
30 -1 25 -1 30 -1 6 -1 8 -1 30 -1 9 -1 15 -1 
30 -1 30 -1 6 -1 15 -1 30 -1 25 -1 8 -1 9 -1 
30 -1 15 -1 30 -1 8 -1 6 -1 25 -1 30 -1 9 -1 
6 -1 8 -1 30 -1 9 -1 25 -1 30 -1 30 -1 15 -1 
9 -1 15 -1 30 -1 8 -1 6 -1 30 -1 25 -1 30 -1 
15 -1 8 -1 30 -1 9 -1 25 -1 6 -1 30 -1 30 -1 
9 -1 15 -1 25 -1 6 -1 30 -1 30 -1 8 -1 30 -1 
25 -1 9 -1 30 -1 15 -1 30 -1 6 -1 30 -1 8 -1 
6 -1 30 -1 15 -1 25 -1 9 -1 30 -1 8 -1 30 -1 
8 -1 30 -1 30 -1 30 -1 6 -1 25 -1 9 -1 15 -1 
8 -1 6 -1 30 -1 25 -1 30 -1 30 -1 9 -1 15 -1 
8 -1 6 -1 30 -1 9 -1 15 -1 30 -1 30 -1 25 -1 
30 -1 6 -1 30 -1 8 -1 9 -1 15 -1 25 -1 30 -1 
30 -1 8 -1 25 -1 30 -1 9 -1 30 -1 6 -1 15 -1 
9 -1 25 -1 30 -1 30 -1 30 -1 6 -1 8 -1 15 -1 
8 -1 25 -1 30 -1 6 -1 30 -1 9 -1 15 -1 30 -1 
15 -1 6 -1 30 -1 8 -1 25 -1 9 -1 30 -1 30 -1 
30 -1 25 -1 15 -1 30 -1 8 -1 6 -1 9 -1 30 -1 
15 -1 8 -1 6 -1 30 -1 9 -1 25 -1 30 -1 30 -1 
15 -1 30 -1 30 -1 6 -1 8 -1 25 -1 30 -1 9 -1 
25 -1 30 -1 8 -1 9 -1 6 -1 15 -1 30 -1 30 -1 
30 -1 25 -1 8 -1 15 -1 30 -1 9 -1 30 -1 6 -1 
30 -1 30 -1 8 -1 30 -1 15 -1 6 -1 9 -1 25 -1 
15 -1 8 -1 9 -1 30 -1 25 -1 30 -1 30 -1 6 -1 
6 -1 9 -1 30 -1 30 -1 8 -1 25 -1 30 -1 15 -1 
15 -1 30 -1 25 -1 30 -1 30 -1 6 -1 9 -1 8 -1 
9 -1 30 -1 8 -1 25 -1 6 -1 15 -1 30 -1 30 -1 
30 -1 25 -1 30 -1 6 -1 30 -1 8 -1 9 -1 15 -1 
8 -1 6 -1 15 -1 30 -1 30 -1 9 -1 25 -1 30 -1 
8 -1 30 -1 30 -1 15 -1 6 -1 9 -1 30 -1 25 -1 
8 -1 6 -1 30 -1 15 -1 30 -1 30 -1 25 -1 9 -1 
8 -1 30 -1 6 -1 30 -1 25 -1 15 -1 30 -1 9 -1 
30 -1 30 -1 25 -1 30 -1 8 -1 6 -1 9 -1 15 -1 
6 -1 15 -1 30 -1 25 -1 30 -1 9 -1 30 -1 8 -1 
25 -1 9 -1 30 -1 15 -1 6 -1 8 -1 30 -1 30 -1 
30 -1 6 -1 30 -1 8 -1 15 -1 9 -1 25 -1 30 -1 
6 -1 30 -1 8 -1 15 -1 9 -1 30 -1 25 -1 30 -1 
8 -1 6 -1 30 -1 30 -1 15 -1 25 -1 30 -1 9 -1 
30 -1 15 -1 6 -1 9 -1 25 -1 30 -1 8 -1 30 -1 
25 -1 30 -1 15 -1 9 -1 6 -1 8 -1 30 -1 30 -1 
6 -1 15 -1 30 -1 25 -1 30 -1 30 -1 8 -1 9 -1 
30 -1 15 -1 30 -1 6 -1 25 -1 30 -1 9 -1 8 -1 
30 -1 30 -1 15 -1 8 -1 9 -1 25 -1 30 -1 6 -1 
30 -1 9 -1 6 -1 30 -1 30 -1 8 -1 15 -1 25 -1 
25 -1 9 -1 8 -1 30 -1 15 -1 30 -1 30 -1 6 -1 
6 -1 30 -1 9 -1 25 -1 30 -1 8 -1 15 -1 30 -1 
30 -1 15 -1 30 -1 9 -1 30 -1 25 -1 6 -1 8 -1 
30 -1 6 -1 30 -1 30 -1 8 -1 15 -1 25 -1 9 -1 
6 -1 25 -1 30 -1 9 -1 15 -1 8 -1 30 -1 30 -1 
30 -1 30 -1 6 -1 9 -1 30 -1 25 -1 8 -1 15 -1 
8 -1 30 -1 9 -1 25 -1 15 -1 30 -1 30 -1 6 -1 
6 -1 30 -1 8 -1 9 -1 15 -1 30 -1 30 -1 25 -1 
15 -1 6 -1 9 -1 8 -1 25 -1 30 -1 30 -1 30 -1 
9 -1 6 -1 25 -1 30 -1 30 -1 15 -1 8 -1 30 -1 
6 -1 25 -1 30 -1 15 -1 30 -1 8 -1 30 -1 9 -1 
8 -1 30 -1 30 -1 9 -1 15 -1 25 -1 30 -1 6 -1 
25 -1 30 -1 30 -1 6 -1 8 -1 9 -1 30 -1 15 -1 
15 -1 25 -1 9 -1 30 -1 30 -1 30 -1 8 -1 6 -1 
30 -1 25 -1 9 -1 30 -1 15 -1 6 -1 30 -1 8 -1 
15 -1 8 -1 30 -1 6 -1 30 -1 30 -1 25 -1 9 -1 
30 -1 9 -1 15 -1 8 -1 30 -1 30 -1 6 -1 25 -1 
8 -1 25 -1 30 -1 30 -1 9 -1 15 -1 6 -1 30 -1 
9 -1 8 -1 6 -1 30 -1 15 -1 30 -1 30 -1 25 -1 
6 -1 9 -1 25 -1 30 -1 30 -1 8 -1 15 -1 30 -1 
25 -1 8 -1 30 -1 30 -1 9 -1 15 -1 6 -1 30 -1 
30 -1 15 -1 30 -1 9 -1 8 -1 6 -1 25 -1 30 -1 
30 -1 30 -1 9 -1 30 -1 15 -1 8 -1 25 -1 6 -1 
30 -1 6 -1 8 -1 15 -1 9 -1 25 -1 30 -1 30 -1 
6 -1 30 -1 9 -1 30 -1 25 -1 15 -1 8 -1 30 -1 
30 -1 25 -1 30 -1 30 -1 6 -1 15 -1 9 -1 8 -1 
30 -1 30 -1 9 -1 15 -1 30 -1 6 -1 25 -1 8 -1 
30 -1 8 -1 6 -1 15 -1 30 -1 25 -1 9 -1 30 -1 
6 -1 30 -1 30 -1 25 -1 9 -1 8 -1 15 -1 30 -1 
30 -1 9 -1 25 -1 30 -1 8 -1 15 -1 6 -1 30 -1 
6 -1 25 -1 8 -1 15 -1 30 -1 9 -1 30 -1 30 -1 
25 -1 30 -1 30 -1 9 -1 8 -1 15 -1 30 -1 6 -1 
15 -1 30 -1 30 -1 8 -1 9 -1 6 -1 30 -1 25 -1 
9 -1 30 -1 30 -1 25 -1 30 -1 8 -1 6 -1 15 -1 
30 -1 25 -1 6 -1 15 -1 30 -1 9 -1 8 -1 30 -1 
8 -1 30 -1 30 -1 6 -1 25 -1 9 -1 30 -1 15 -1 
25 -1 15 -1 30 -1 30 -1 30 -1 9 -1 8 -1 6 -1 
15 -1 30 -1 6 -1 25 -1 9 -1 30 -1 30 -1 8 -1 
9 -1 8 -1 30 -1 15 -1 30 -1 30 -1 25 -1 6 -1 
30 -1 6 -1 9 -1 30 -1 25 -1 30 -1 8 -1 15 -1 
30 -1 30 -1 8 -1 30 -1 25 -1 15 -1 6 -1 9 -1 
30 -1 9 -1 15 -1 6 -1 8 -1 30 -1 30 -1 25 -1 
25 -1 9 -1 8 -1 30 -1 30 -1 6 -1 15 -1 30 -1 
30 -1 25 -1 6 -1 9 -1 15 -1 8 -1 30 -1 30 -1 
25 -1 30 -1 6 -1 8 -1 30 -1 30 -1 9 -1 15 -1 
30 -1 15 -1 9 -1 30 -1 30 -1 6 -1 8 -1 25 -1 
30 -1 30 -1 6 -1 8 -1 30 -1 25 -1 9 -1 15 -1 
15 -1 30 -1 8 -1 6 -1 9 -1 30 -1 30 -1 25 -1 
30 -1 25 -1 8 -1 30 -1 9 -1 15 -1 6 -1 30 -1 
15 -1 8 -1 30 -1 6 -1 30 -1 9 -1 25 -1 30 -1 
8 -1 30 -1 9 -1 30 -1 15 -1 6 -1 30 -1 25 -1 
6 -1 30 -1 25 -1 30 -1 8 -1 9 -1 30 -1 15 -1 
30 -1 15 -1 30 -1 30 -1 6 -1 8 -1 25 -1 9 -1 
6 -1 30 -1 30 -1 9 -1 30 -1 15 -1 8 -1 25 -1 
30 -1 8 -1 9 -1 15 -1 6 -1 30 -1 30 -1 25 -1 
15 -1 25 -1 30 -1 30 -1 8 -1 6 -1 9 -1 30 -1 
6 -1 15 -1 30 -1 9 -1 30 -1 8 -1 25 -1 30 -1 
30 -1 9 -1 30 -1 15 -1 6 -1 8 -1 25 -1 30 -1 
9 -1 15 -1 30 -1 30 -1 25 -1 30 -1 6 -1 8 -1 
8 -1 25 -1 6 -1 30 -1 9 -1 30 -1 30 -1 15 -1 
9 -1 30 -1 15 -1 6 -1 30 -1 25 -1 30 -1 8 -1 
9 -1 15 -1 25 -1 30 -1 30 -1 30 -1 6 -1 8 -1 
30 -1 15 -1 6 -1 30 -1 8 -1 25 -1 30 -1 9 -1 
30 -1 8 -1 15 -1 6 -1 9 -1 30 -1 25 -1 30 -1 
6 -1 30 -1 25 -1 30 -1 30 -1 9 -1 8 -1 15 -1 
30 -1 6 -1 15 -1 30 -1 25 -1 30 -1 9 -1 8 -1 
30 -1 6 -1 15 -1 8 -1 30 -1 25 -1 30 -1 9 -1 
30 -1 30 -1 15 -1 30 -1 9 -1 8 -1 25 -1 6 -1 
6 -1 30 -1 15 -1 9 -1 30 -1 25 -1 30 -1 8 -1 
9 -1 30 -1 30 -1 6 -1 30 -1 8 -1 15 -1 25 -1 
30 -1 9 -1 15 -1 8 -1 30 -1 25 -1 30 -1 6 -1 
9 -1 8 -1 15 -1 25 -1 30 -1 6 -1 30 -1 30 -1 
25 -1 9 -1 8 -1 30 -1 30 -1 30 -1 6 -1 15 -1 
25 -1 30 -1 15 -1 30 -1 8 -1 6 -1 9 -1 30 -1 
15 -1 6 -1 30 -1 30 -1 25 -1 30 -1 8 -1 9 -1 
25 -1 8 -1 30 -1 30 -1 30 -1 15 -1 9 -1 6 -1 
9 -1 30 -1 30 -1 25 -1 6 -1 30 -1 15 -1 8 -1 
30 -1 6 -1 8 -1 25 -1 15 -1 30 -1 9 -1 30 -1 
30 -1 8 -1 9 -1 6 -1 30 -1 25 -1 15 -1 30 -1 
25 -1 30 -1 6 -1 30 -1 15 -1 9 -1 30 -1 8 -1 
6 -1 15 -1 9 -1 30 -1 25 -1 30 -1 30 -1 8 -1 
30 -1 30 -1 15 -1 25 -1 9 -1 8 -1 30 -1 6 -1 
30 -1 15 -1 30 -1 30 -1 6 -1 9 -1 25 -1 8 -1 
25 -1 30 -1 30 -1 15 -1 6 -1 9 -1 30 -1 8 -1 
25 -1 30 -1 8 -1 9 -1 30 -1 30 -1 6 -1 15 -1 
6 -1 15 -1 9 -1 30 -1 30 -1 25 -1 30 -1 8 -1 
25 -1 30 -1 15 -1 8 -1 9 -1 30 -1 6 -1 30 -1 
30 -1 9 -1 15 -1 8 -1 30 -1 6 -1 25 -1 30 -1 
8 -1 15 -1 30 -1 30 -1 9 -1 30 -1 25 -1 6 -1 
30 -1 25 -1 8 -1 6 -1 30 -1 15 -1 30 -1 9 -1 
8 -1 30 -1 30 -1 6 -1 9 -1 25 -1 15 -1 30 -1 
6 -1 30 -1 30 -1 25 -1 15 -1 8 -1 30 -1 9 -1 
15 -1 6 -1 30 -1 8 -1 30 -1 30 -1 25 -1 9 -1 
25 -1 30 -1 15 -1 6 -1 9 -1 8 -1 30 -1 30 -1 
8 -1 30 -1 25 -1 15 -1 30 -1 9 -1 30 -1 6 -1 
30 -1 15 -1 9 -1 6 -1 8 -1 30 -1 30 -1 25 -1 
15 -1 8 -1 30 -1 9 -1 6 -1 30 -1 30 -1 25 -1 
15 -1 30 -1 8 -1 30 -1 30 -1 9 -1 25 -1 6 -1 
49 -1 25 -1 8 -1 9 -1 15 -1 30 -1 30 -1 6 -1 
8 -1 30 -1 49 -1 9 -1 15 -1 30 -1 25 -1 6 -1 
8 -1 9 -1 30 -1 49 -1 25 -1 30 -1 15 -1 6 -1 
30 -1 30 -1 6 -1 9 -1 8 -1 15 -1 25 -1 49 -1 
49 -1 30 -1 30 -1 15 -1 8 -1 25 -1 9 -1 6 -1 
49 -1 8 -1 9 -1 15 -1 30 -1 25 -1 6 -1 30 -1 
49 -1 25 -1 8 -1 30 -1 30 -1 9 -1 15 -1 6 -1 
6 -1 9 -1 49 -1 15 -1 25 -1 8 -1 30 -1 30 -1 
9 -1 49 -1 25 -1 6 -1 15 -1 14 -1 8 -1 30 -1 
30 -1 49 -1 6 -1 25 -1 14 -1 9 -1 15 -1 8 -1 
8 -1 49 -1 30 -1 14 -1 25 -1 15 -1 9 -1 6 -1 
15 -1 14 -1 9 -1 25 -1 49 -1 30 -1 6 -1 8 -1 
8 -1 6 -1 49 -1 25 -1 15 -1 9 -1 14 -1 30 -1 
6 -1 8 -1 15 -1 14 -1 25 -1 49 -1 9 -1 30 -1 
15 -1 8 -1 9 -1 6 -1 30 -1 49 -1 25 -1 14 -1 
14 -1 9 -1 6 -1 15 -1 8 -1 30 -1 49 -1 25 -1 
25 -1 15 -1 49 -1 9 -1 30 -1 6 -1 14 -1 8 -1 
8 -1 15 -1 25 -1 49 -1 9 -1 14 -1 6 -1 30 -1 
30 -1 49 -1 25 -1 9 -1 14 -1 15 -1 8 -1 6 -1 
15 -1 30 -1 25 -1 9 -1 8 -1 14 -1 6 -1 49 -1 
14 -1 25 -1 15 -1 49 -1 8 -1 6 -1 9 -1 30 -1 
14 -1 9 -1 25 -1 30 -1 6 -1 8 -1 49 -1 15 -1 
15 -1 6 -1 14 -1 25 -1 8 -1 30 -1 9 -1 49 -1 
8 -1 25 -1 49 -1 30 -1 15 -1 6 -1 14 -1 9 -1 
30 -1 6 -1 15 -1 14 -1 8 -1 25 -1 49 -1 9 -1 
15 -1 25 -1 49 -1 30 -1 6 -1 14 -1 8 -1 9 -1 
49 -1 15 -1 30 -1 8 -1 14 -1 9 -1 25 -1 6 -1 
30 -1 8 -1 15 -1 6 -1 49 -1 25 -1 9 -1 14 -1 
9 -1 49 -1 30 -1 6 -1 14 -1 8 -1 25 -1 15 -1 
6 -1 25 -1 15 -1 9 -1 14 -1 8 -1 49 -1 30 -1 
25 -1 6 -1 15 -1 9 -1 14 -1 49 -1 8 -1 30 -1 
15 -1 9 -1 30 -1 8 -1 6 -1 49 -1 14 -1 25 -1 
15 -1 8 -1 14 -1 30 -1 9 -1 6 -1 49 -1 25 -1 
30 -1 49 -1 8 -1 14 -1 25 -1 9 -1 6 -1 15 -1 
49 -1 14 -1 30 -1 15 -1 25 -1 9 -1 6 -1 8 -1 
8 -1 49 -1 9 -1 30 -1 6 -1 14 -1 25 -1 15 -1 
6 -1 14 -1 30 -1 9 -1 15 -1 25 -1 8 -1 49 -1 
14 -1 8 -1 15 -1 9 -1 6 -1 49 -1 30 -1 25 -1 
30 -1 8 -1 15 -1 25 -1 6 -1 9 -1 49 -1 14 -1 
8 -1 49 -1 6 -1 14 -1 30 -1 9 -1 15 -1 25 -1 
14 -1 30 -1 49 -1 9 -1 8 -1 6 -1 15 -1 25 -1 
8 -1 9 -1 6 -1 49 -1 14 -1 30 -1 25 -1 15 -1 
8 -1 49 -1 30 -1 25 -1 15 -1 6 -1 9 -1 14 -1 
15 -1 14 -1 6 -1 9 -1 25 -1 49 -1 8 -1 30 -1 
14 -1 9 -1 15 -1 30 -1 49 -1 25 -1 8 -1 6 -1 
15 -1 30 -1 9 -1 49 -1 8 -1 14 -1 6 -1 25 -1 
15 -1 8 -1 30 -1 25 -1 14 -1 9 -1 6 -1 49 -1 
30 -1 6 -1 14 -1 8 -1 9 -1 25 -1 15 -1 49 -1 
6 -1 14 -1 9 -1 25 -1 30 -1 49 -1 8 -1 15 -1 
6 -1 49 -1 9 -1 25 -1 8 -1 30 -1 14 -1 15 -1 
49 -1 9 -1 6 -1 25 -1 30 -1 15 -1 14 -1 8 -1 
14 -1 9 -1 25 -1 30 -1 6 -1 49 -1 15 -1 8 -1 
14 -1 49 -1 25 -1 30 -1 15 -1 6 -1 8 -1 9 -1 
6 -1 49 -1 8 -1 30 -1 25 -1 14 -1 15 -1 9 -1 
49 -1 6 -1 8 -1 14 -1 15 -1 25 -1 9 -1 30 -1 
8 -1 15 -1 49 -1 6 -1 9 -1 14 -1 25 -1 30 -1 
49 -1 8 -1 30 -1 6 -1 14 -1 25 -1 15 -1 9 -1 
49 -1 14 -1 8 -1 25 -1 9 -1 15 -1 30 -1 6 -1 
15 -1 8 -1 49 -1 25 -1 14 -1 9 -1 6 -1 30 -1 
30 -1 14 -1 49 -1 8 -1 15 -1 9 -1 25 -1 6 -1 
25 -1 9 -1 14 -1 15 -1 8 -1 49 -1 30 -1 6 -1 
8 -1 25 -1 30 -1 6 -1 15 -1 49 -1 9 -1 14 -1 
14 -1 49 -1 30 -1 25 -1 15 -1 9 -1 6 -1 8 -1 
8 -1 14 -1 6 -1 9 -1 30 -1 49 -1 15 -1 25 -1 
30 -1 9 -1 25 -1 8 -1 6 -1 14 -1 15 -1 49 -1 
6 -1 15 -1 8 -1 14 -1 30 -1 25 -1 9 -1 49 -1 
14 -1 25 -1 30 -1 8 -1 49 -1 6 -1 9 -1 15 -1 
9 -1 14 -1 15 -1 6 -1 25 -1 8 -1 49 -1 30 -1 
8 -1 30 -1 15 -1 14 -1 49 -1 6 -1 9 -1 25 -1 
49 -1 25 -1 14 -1 8 -1 15 -1 9 -1 6 -1 30 -1 
9 -1 14 -1 25 -1 30 -1 8 -1 6 -1 15 -1 49 -1 
6 -1 15 -1 30 -1 25 -1 9 -1 14 -1 8 -1 49 -1 
25 -1 15 -1 14 -1 9 -1 30 -1 49 -1 8 -1 6 -1 
15 -1 8 -1 30 -1 9 -1 49 -1 25 -1 14 -1 6 -1 
15 -1 9 -1 30 -1 6 -1 14 -1 49 -1 25 -1 8 -1 
9 -1 14 -1 25 -1 15 -1 30 -1 49 -1 8 -1 6 -1 
49 -1 14 -1 8 -1 9 -1 6 -1 25 -1 15 -1 30 -1 
15 -1 30 -1 14 -1 49 -1 9 -1 6 -1 25 -1 8 -1 
49 -1 15 -1 25 -1 30 -1 8 -1 14 -1 6 -1 9 -1 
30 -1 9 -1 49 -1 14 -1 15 -1 8 -1 6 -1 25 -1 
49 -1 9 -1 25 -1 6 -1 30 -1 15 -1 8 -1 14 -1 
30 -1 6 -1 14 -1 15 -1 25 -1 9 -1 8 -1 49 -1 
8 -1 49 -1 30 -1 9 -1 25 -1 6 -1 15 -1 14 -1 
15 -1 0 -1 49 -1 8 -1 6 -1 14 -1 9 -1 25 -1 
0 -1 25 -1 49 -1 14 -1 8 -1 9 -1 15 -1 6 -1 
49 -1 25 -1 6 -1 9 -1 15 -1 14 -1 8 -1 0 -1 
15 -1 0 -1 8 -1 25 -1 9 -1 14 -1 6 -1 49 -1 
0 -1 25 -1 8 -1 6 -1 9 -1 49 -1 14 -1 15 -1 
8 -1 25 -1 15 -1 6 -1 14 -1 0 -1 9 -1 49 -1 
25 -1 0 -1 9 -1 49 -1 6 -1 14 -1 15 -1 8 -1 
9 -1 0 -1 8 -1 14 -1 15 -1 6 -1 49 -1 25 -1 
14 -1 6 -1 9 -1 8 -1 49 -1 25 -1 15 -1 0 -1 
14 -1 6 -1 25 -1 49 -1 8 -1 0 -1 9 -1 15 -1 
6 -1 49 -1 14 -1 0 -1 25 -1 8 -1 15 -1 9 -1 
6 -1 8 -1 25 -1 9 -1 14 -1 15 -1 0 -1 49 -1 
9 -1 15 -1 6 -1 49 -1 8 -1 25 -1 0 -1 14 -1 
0 -1 6 -1 25 -1 15 -1 9 -1 14 -1 49 -1 8 -1 
6 -1 9 -1 15 -1 25 -1 49 -1 8 -1 0 -1 14 -1 
6 -1 0 -1 15 -1 8 -1 14 -1 49 -1 9 -1 25 -1 
25 -1 8 -1 14 -1 6 -1 49 -1 9 -1 15 -1 0 -1 
0 -1 9 -1 14 -1 8 -1 15 -1 49 -1 6 -1 25 -1 
14 -1 9 -1 25 -1 49 -1 6 -1 8 -1 0 -1 15 -1 
0 -1 49 -1 25 -1 8 -1 6 -1 15 -1 9 -1 14 -1 
49 -1 0 -1 25 -1 8 -1 6 -1 9 -1 15 -1 14 -1 
49 -1 14 -1 25 -1 6 -1 15 -1 0 -1 8 -1 9 -1 
15 -1 14 -1 6 -1 9 -1 25 -1 0 -1 8 -1 49 -1 
14 -1 15 -1 6 -1 8 -1 25 -1 0 -1 9 -1 49 -1 
25 -1 6 -1 49 -1 15 -1 0 -1 14 -1 8 -1 9 -1 
8 -1 49 -1 25 -1 14 -1 15 -1 0 -1 6 -1 9 -1 
15 -1 49 -1 9 -1 0 -1 6 -1 25 -1 8 -1 14 -1 
9 -1 49 -1 14 -1 25 -1 15 -1 8 -1 6 -1 0 -1 
8 -1 0 -1 25 -1 9 -1 49 -1 15 -1 14 -1 6 -1 
6 -1 8 -1 15 -1 9 -1 0 -1 14 -1 49 -1 25 -1 
15 -1 0 -1 14 -1 49 -1 9 -1 6 -1 8 -1 25 -1 
8 -1 49 -1 0 -1 25 -1 9 -1 6 -1 14 -1 15 -1 
6 -1 9 -1 25 -1 0 -1 15 -1 14 -1 49 -1 8 -1 
8 -1 9 -1 0 -1 25 -1 6 -1 14 -1 15 -1 49 -1 
6 -1 0 -1 8 -1 15 -1 49 -1 9 -1 14 -1 25 -1 
49 -1 9 -1 8 -1 14 -1 25 -1 6 -1 15 -1 0 -1 
49 -1 15 -1 25 -1 8 -1 0 -1 6 -1 9 -1 14 -1 
14 -1 0 -1 15 -1 25 -1 49 -1 6 -1 8 -1 9 -1 
25 -1 14 -1 9 -1 8 -1 0 -1 15 -1 6 -1 49 -1 
15 -1 14 -1 25 -1 0 -1 9 -1 49 -1 6 -1 8 -1 
15 -1 25 -1 6 -1 14 -1 8 -1 49 -1 9 -1 0 -1 
9 -1 0 -1 8 -1 6 -1 15 -1 25 -1 49 -1 14 -1 
0 -1 9 -1 14 -1 8 -1 49 -1 25 -1 6 -1 15 -1 
25 -1 6 -1 0 -1 15 -1 9 -1 14 -1 8 -1 49 -1 
9 -1 6 -1 8 -1 0 -1 49 -1 15 -1 14 -1 25 -1 
8 -1 25 -1 9 -1 14 -1 6 -1 0 -1 15 -1 49 -1 
15 -1 14 -1 9 -1 8 -1 25 -1 49 -1 6 -1 0 -1 
9 -1 14 -1 8 -1 0 -1 15 -1 6 -1 25 -1 49 -1 
25 -1 8 -1 0 -1 14 -1 49 -1 15 -1 6 -1 9 -1 
25 -1 0 -1 15 -1 9 -1 8 -1 49 -1 6 -1 14 -1 
9 -1 15 -1 8 -1 0 -1 49 -1 6 -1 14 -1 25 -1 
0 -1 25 -1 8 -1 6 -1 14 -1 9 -1 15 -1 49 -1 
15 -1 9 -1 0 -1 6 -1 8 -1 14 -1 25 -1 49 -1 
25 -1 9 -1 6 -1 15 -1 0 -1 49 -1 8 -1 14 -1 
49 -1 8 -1 6 -1 15 -1 14 -1 9 -1 25 -1 0 -1 
49 -1 9 -1 8 -1 14 -1 0 -1 6 -1 15 -1 25 -1 
8 -1 0 -1 6 -1 49 -1 9 -1 14 -1 15 -1 25 -1 
8 -1 14 -1 15 -1 49 -1 25 -1 9 -1 6 -1 0 -1 
0 -1 9 -1 6 -1 8 -1 25 -1 15 -1 49 -1 14 -1 
6 -1 49 -1 8 -1 14 -1 15 -1 9 -1 0 -1 25 -1 
14 -1 15 -1 6 -1 25 -1 49 -1 9 -1 0 -1 8 -1 
15 -1 49 -1 25 -1 14 -1 0 -1 6 -1 8 -1 9 -1 
0 -1 9 -1 15 -1 49 -1 14 -1 6 -1 8 -1 25 -1 
6 -1 9 -1 25 -1 8 -1 0 -1 15 -1 14 -1 49 -1 
14 -1 8 -1 15 -1 25 -1 9 -1 0 -1 49 -1 6 -1 
25 -1 9 -1 14 -1 49 -1 0 -1 6 -1 8 -1 15 -1 
9 -1 0 -1 14 -1 8 -1 15 -1 25 -1 49 -1 6 -1 
15 -1 49 -1 14 -1 25 -1 9 -1 0 -1 8 -1 6 -1 
6 -1 9 -1 14 -1 49 -1 15 -1 25 -1 0 -1 8 -1 
25 -1 14 -1 0 -1 8 -1 49 -1 15 -1 6 -1 9 -1 
25 -1 15 -1 0 -1 6 -1 49 -1 8 -1 9 -1 14 -1 
9 -1 14 -1 25 -1 0 -1 6 -1 15 -1 8 -1 49 -1 
25 -1 15 -1 8 -1 14 -1 0 -1 9 -1 6 -1 49 -1 
6 -1 0 -1 14 -1 8 -1 25 -1 49 -1 9 -1 15 -1 
6 -1 0 -1 9 -1 49 -1 14 -1 15 -1 8 -1 25 -1 
0 -1 15 -1 25 -1 6 -1 9 -1 8 -1 49 -1 14 -1 
0 -1 49 -1 15 -1 8 -1 6 -1 25 -1 9 -1 14 -1 
8 -1 14 -1 25 -1 9 -1 15 -1 0 -1 49 -1 6 -1 
6 -1 49 -1 15 -1 8 -1 9 -1 14 -1 0 -1 25 -1 
15 -1 8 -1 14 -1 25 -1 49 -1 0 -1 9 -1 6 -1 
25 -1 49 -1 14 -1 6 -1 0 -1 15 -1 8 -1 9 -1 
6 -1 0 -1 15 -1 25 -1 14 -1 8 -1 9 -1 49 -1 
6 -1 9 -1 49 -1 25 -1 0 -1 14 -1 15 -1 8 -1 
8 -1 15 -1 0 -1 9 -1 6 -1 14 -1 49 -1 25 -1 
9 -1 15 -1 0 -1 49 -1 25 -1 8 -1 6 -1 14 -1 
25 -1 9 -1 6 -1 0 -1 8 -1 14 -1 49 -1 15 -1 
9 -1 8 -1 25 -1 6 -1 0 -1 14 -1 15 -1 49 -1 
15 -1 6 -1 25 -1 8 -1 9 -1 49 -1 0 -1 14 -1 
14 -1 9 -1 0 -1 49 -1 6 -1 15 -1 25 -1 8 -1 
9 -1 25 -1 0 -1 6 -1 49 -1 14 -1 8 -1 15 -1 
0 -1 49 -1 25 -1 14 -1 8 -1 6 -1 9 -1 15 -1 
9 -1 6 -1 0 -1 49 -1 14 -1 15 -1 25 -1 8 -1 
0 -1 15 -1 25 -1 9 -1 8 -1 14 -1 6 -1 49 -1 
14 -1 49 -1 15 -1 9 -1 8 -1 0 -1 6 -1 25 -1 
0 -1 15 -1 6 -1 14 -1 49 -1 8 -1 25 -1 9 -1 
25 -1 9 -1 6 -1 8 -1 15 -1 14 -1 0 -1 49 -1 
25 -1 14 -1 49 -1 0 -1 15 -1 8 -1 6 -1 9 -1 
14 -1 9 -1 25 -1 6 -1 8 -1 0 -1 15 -1 49 -1 
14 -1 6 -1 25 -1 15 -1 0 -1 49 -1 9 -1 8 -1 
25 -1 14 -1 49 -1 0 -1 6 -1 15 -1 9 -1 8 -1 
9 -1 14 -1 0 -1 6 -1 49 -1 8 -1 15 -1 25 -1 
49 -1 15 -1 8 -1 14 -1 6 -1 25 -1 0 -1 9 -1 
14 -1 15 -1 6 -1 8 -1 25 -1 0 -1 9 -1 49 -1 
0 -1 49 -1 14 -1 25 -1 15 -1 6 -1 8 -1 9 -1 
49 -1 15 -1 0 -1 8 -1 9 -1 14 -1 25 -1 6 -1 
8 -1 25 -1 15 -1 6 -1 9 -1 49 -1 0 -1 14 -1 
15 -1 25 -1 9 -1 14 -1 0 -1 49 -1 6 -1 8 -1 
9 -1 6 -1 8 -1 0 -1 14 -1 49 -1 15 -1 25 -1 
25 -1 6 -1 14 -1 49 -1 15 -1 9 -1 8 -1 0 -1 
6 -1 25 -1 49 -1 9 -1 15 -1 14 -1 8 -1 0 -1 
15 -1 0 -1 49 -1 14 -1 25 -1 9 -1 6 -1 8 -1 
6 -1 0 -1 8 -1 15 -1 49 -1 14 -1 25 -1 9 -1 
9 -1 25 -1 0 -1 6 -1 14 -1 8 -1 49 -1 15 -1 
49 -1 8 -1 14 -1 25 -1 15 -1 6 -1 9 -1 0 -1 
14 -1 25 -1 49 -1 15 -1 9 -1 6 -1 0 -1 8 -1 
8 -1 9 -1 0 -1 14 -1 25 -1 15 -1 49 -1 6 -1 
25 -1 8 -1 14 -1 49 -1 15 -1 6 -1 0 -1 9 -1 
15 -1 9 -1 6 -1 49 -1 14 -1 8 -1 25 -1 0 -1 
8 -1 0 -1 15 -1 6 -1 25 -1 14 -1 49 -1 9 -1 
0 -1 6 -1 25 -1 15 -1 9 -1 49 -1 8 -1 14 -1 
9 -1 6 -1 0 -1 14 -1 49 -1 8 -1 15 -1 25 -1 
0 -1 8 -1 14 -1 49 -1 15 -1 9 -1 25 -1 6 -1 
6 -1 8 -1 25 -1 14 -1 15 -1 49 -1 9 -1 0 -1 
14 -1 49 -1 6 -1 15 -1 9 -1 25 -1 0 -1 8 -1 
14 -1 15 -1 49 -1 8 -1 9 -1 6 -1 25 -1 0 -1 
9 -1 49 -1 25 -1 8 -1 6 -1 0 -1 15 -1 14 -1 
49 -1 8 -1 14 -1 15 -1 6 -1 0 -1 25 -1 9 -1 
25 -1 0 -1 15 -1 14 -1 49 -1 9 -1 8 -1 6 -1 
9 -1 15 -1 0 -1 6 -1 8 -1 49 -1 25 -1 14 -1 
8 -1 9 -1 15 -1 25 -1 6 -1 49 -1 0 -1 14 -1 
8 -1 25 -1 6 -1 15 -1 9 -1 0 -1 14 -1 49 -1 
0 -1 9 -1 6 -1 14 -1 25 -1 8 -1 49 -1 15 -1 
15 -1 0 -1 6 -1 49 -1 9 -1 14 -1 25 -1 8 -1 
15 -1 8 -1 49 -1 9 -1 0 -1 25 -1 14 -1 6 -1 
8 -1 49 -1 6 -1 0 -1 9 -1 14 -1 25 -1 15 -1 
9 -1 49 -1 15 -1 8 -1 14 -1 6 -1 25 -1 0 -1 
8 -1 6 -1 15 -1 25 -1 9 -1 49 -1 14 -1 0 -1 
25 -1 9 -1 14 -1 49 -1 0 -1 6 -1 15 -1 8 -1 
9 -1 0 -1 6 -1 49 -1 25 -1 14 -1 15 -1 8 -1 
14 -1 25 -1 0 -1 9 -1 15 -1 8 -1 6 -1 49 -1 
15 -1 9 -1 6 -1 49 -1 25 -1 0 -1 14 -1 8 -1 
25 -1 15 -1 0 -1 8 -1 9 -1 14 -1 6 -1 49 -1 
14 -1 8 -1 25 -1 9 -1 49 -1 15 -1 6 -1 0 -1 
49 -1 0 -1 14 -1 15 -1 25 -1 6 -1 8 -1 9 -1 
9 -1 14 -1 49 -1 6 -1 0 -1 8 -1 25 -1 15 -1 
25 -1 8 -1 15 -1 9 -1 0 -1 14 -1 6 -1 49 -1 
9 -1 49 -1 15 -1 6 -1 8 -1 25 -1 0 -1 14 -1 
14 -1 8 -1 6 -1 15 -1 9 -1 49 -1 0 -1 25 -1 
25 -1 15 -1 49 -1 8 -1 0 -1 6 -1 9 -1 14 -1 
15 -1 25 -1 6 -1 49 -1 0 -1 8 -1 14 -1 9 -1 
15 -1 9 -1 49 -1 0 -1 14 -1 25 -1 8 -1 6 -1 
14 -1 0 -1 15 -1 9 -1 49 -1 8 -1 25 -1 6 -1 
0 -1 9 -1 8 -1 25 -1 14 -1 6 -1 15 -1 49 -1 
25 -1 6 -1 8 -1 0 -1 9 -1 14 -1 49 -1 15 -1 
0 -1 8 -1 6 -1 15 -1 14 -1 49 -1 9 -1 25 -1 
49 -1 14 -1 8 -1 6 -1 15 -1 0 -1 25 -1 9 -1 
25 -1 14 -1 49 -1 0 -1 8 -1 6 -1 9 -1 15 -1 
14 -1 8 -1 6 -1 15 -1 49 -1 9 -1 0 -1 25 -1 
15 -1 0 -1 14 -1 25 -1 49 -1 9 -1 6 -1 8 -1 
9 -1 25 -1 49 -1 14 -1 0 -1 15 -1 6 -1 8 -1 
0 -1 15 -1 6 -1 9 -1 14 -1 8 -1 25 -1 49 -1 
9 -1 25 -1 14 -1 8 -1 49 -1 6 -1 15 -1 0 -1 
49 -1 14 -1 0 -1 9 -1 8 -1 15 -1 6 -1 25 -1 
14 -1 15 -1 6 -1 9 -1 49 -1 25 -1 0 -1 8 -1 
9 -1 6 -1 14 -1 49 -1 25 -1 15 -1 8 -1 0 -1 
25 -1 0 -1 14 -1 49 -1 15 -1 9 -1 8 -1 6 -1 
49 -1 9 -1 25 -1 14 -1 0 -1 8 -1 6 -1 15 -1 
6 -1 9 -1 0 -1 15 -1 25 -1 14 -1 8 -1 49 -1 
9 -1 15 -1 25 -1 6 -1 14 -1 8 -1 49 -1 0 -1 
15 -1 49 -1 0 -1 14 -1 8 -1 9 -1 6 -1 25 -1 
8 -1 49 -1 25 -1 9 -1 6 -1 14 -1 0 -1 15 -1 
14 -1 9 -1 15 -1 0 -1 6 -1 25 -1 49 -1 8 -1 
15 -1 8 -1 6 -1 49 -1 25 -1 0 -1 9 -1 14 -1 
0 -1 9 -1 8 -1 15 -1 6 -1 25 -1 49 -1 14 -1 
49 -1 6 -1 8 -1 15 -1 14 -1 25 -1 0 -1 9 -1 
0 -1 15 -1 6 -1 25 -1 49 -1 14 -1 8 -1 9 -1 
9 -1 14 -1 0 -1 8 -1 6 -1 15 -1 49 -1 25 -1 
0 -1 6 -1 25 -1 15 -1 49 -1 14 -1 9 -1 8 -1 
15 -1 14 -1 9 -1 0 -1 49 -1 6 -1 25 -1 8 -1 
9 -1 6 -1 15 -1 0 -1 49 -1 25 -1 8 -1 14 -1 
6 -1 49 -1 15 -1 14 -1 8 -1 9 -1 0 -1 25 -1 
9 -1 25 -1 15 -1 49 -1 6 -1 14 -1 0 -1 8 -1 
49 -1 15 -1 6 -1 25 -1 14 -1 0 -1 9 -1 8 -1 
49 -1 8 -1 9 -1 15 -1 0 -1 6 -1 25 -1 14 -1 
14 -1 6 -1 25 -1 15 -1 8 -1 0 -1 9 -1 49 -1 
0 -1 14 -1 9 -1 15 -1 25 -1 6 -1 8 -1 49 -1 
9 -1 25 -1 14 -1 49 -1 0 -1 8 -1 6 -1 15 -1 
15 -1 25 -1 49 -1 14 -1 0 -1 6 -1 9 -1 8 -1 
6 -1 0 -1 49 -1 25 -1 14 -1 9 -1 8 -1 15 -1 
15 -1 6 -1 9 -1 0 -1 25 -1 14 -1 8 -1 49 -1 
8 -1 49 -1 14 -1 25 -1 0 -1 9 -1 6 -1 15 -1 
49 -1 15 -1 6 -1 9 -1 0 -1 25 -1 14 -1 8 -1 
25 -1 6 -1 14 -1 9 -1 8 -1 15 -1 49 -1 0 -1 
8 -1 9 -1 49 -1 6 -1 0 -1 14 -1 15 -1 25 -1 
14 -1 25 -1 9 -1 49 -1 0 -1 6 -1 15 -1 8 -1 
14 -1 15 -1 6 -1 9 -1 49 -1 0 -1 25 -1 8 -1 
15 -1 14 -1 25 -1 8 -1 0 -1 6 -1 9 -1 49 -1 
25 -1 0 -1 15 -1 8 -1 9 -1 49 -1 6 -1 14 -1 
49 -1 25 -1 14 -1 6 -1 9 -1 8 -1 0 -1 15 -1 
0 -1 49 -1 15 -1 9 -1 6 -1 8 -1 25 -1 14 -1 
8 -1 25 -1 0 -1 49 -1 14 -1 9 -1 15 -1 6 -1 
8 -1 6 -1 14 -1 0 -1 25 -1 15 -1 9 -1 49 -1 
14 -1 0 -1 49 -1 6 -1 15 -1 25 -1 8 -1 9 -1 
0 -1 25 -1 49 -1 9 -1 8 -1 6 -1 15 -1 14 -1 
6 -1 8 -1 0 -1 14 -1 49 -1 9 -1 15 -1 25 -1 
6 -1 49 -1 0 -1 25 -1 8 -1 14 -1 15 -1 9 -1 
25 -1 14 -1 15 -1 0 -1 8 -1 49 -1 9 -1 6 -1 
15 -1 8 -1 0 -1 14 -1 49 -1 6 -1 9 -1 25 -1 
0 -1 14 -1 9 -1 49 -1 15 -1 8 -1 25 -1 6 -1 
25 -1 9 -1 14 -1 6 -1 8 -1 15 -1 0 -1 49 -1 
49 -1 25 -1 14 -1 9 -1 6 -1 15 -1 8 -1 0 -1 
25 -1 9 -1 6 -1 8 -1 14 -1 49 -1 15 -1 0 -1 
6 -1 9 -1 25 -1 49 -1 8 -1 14 -1 0 -1 15 -1 
6 -1 15 -1 49 -1 9 -1 0 -1 25 -1 14 -1 8 -1 
8 -1 25 -1 15 -1 14 -1 0 -1 6 -1 9 -1 49 -1 
25 -1 8 -1 15 -1 9 -1 14 -1 6 -1 49 -1 0 -1 
49 -1 25 -1 8 -1 6 -1 9 -1 0 -1 14 -1 15 -1 
6 -1 9 -1 8 -1 15 -1 49 -1 25 -1 0 -1 14 -1 
8 -1 6 -1 0 -1 49 -1 14 -1 15 -1 25 -1 9 -1 
0 -1 6 -1 9 -1 14 -1 15 -1 49 -1 25 -1 8 -1 
14 -1 15 -1 6 -1 0 -1 9 -1 8 -1 25 -1 49 -1 
0 -1 9 -1 49 -1 6 -1 25 -1 15 -1 14 -1 8 -1 
49 -1 0 -1 6 -1 9 -1 25 -1 14 -1 8 -1 15 -1 
15 -1 25 -1 9 -1 49 -1 8 -1 14 -1 6 -1 0 -1 
15 -1 25 -1 8 -1 0 -1 49 -1 6 -1 14 -1 9 -1 
15 -1 25 -1 6 -1 0 -1 9 -1 14 -1 8 -1 49 -1 
6 -1 9 -1 0 -1 49 -1 14 -1 25 -1 15 -1 8 -1 
14 -1 0 -1 25 -1 6 -1 49 -1 15 -1 8 -1 9 -1 
15 -1 25 -1 49 -1 6 -1 14 -1 9 -1 0 -1 8 -1 
49 -1 15 -1 0 -1 6 -1 8 -1 9 -1 14 -1 25 -1 
0 -1 49 -1 25 -1 8 -1 14 -1 15 -1 9 -1 6 -1 
9 -1 14 -1 49 -1 8 -1 15 -1 0 -1 25 -1 6 -1 
0 -1 6 -1 25 -1 8 -1 14 -1 15 -1 9 -1 49 -1 
6 -1 25 -1 49 -1 14 -1 9 -1 0 -1 8 -1 15 -1 
14 -1 49 -1 25 -1 9 -1 6 -1 8 -1 15 -1 0 -1 
14 -1 49 -1 6 -1 9 -1 15 -1 8 -1 25 -1 0 -1 
8 -1 6 -1 49 -1 14 -1 15 -1 0 -1 25 -1 9 -1 
49 -1 14 -1 25 -1 0 -1 15 -1 8 -1 6 -1 9 -1 
14 -1 0 -1 25 -1 9 -1 15 -1 49 -1 6 -1 8 -1 
8 -1 0 -1 9 -1 6 -1 15 -1 49 -1 25 -1 14 -1 
6 -1 9 -1 25 -1 0 -1 8 -1 14 -1 49 -1 15 -1 
14 -1 0 -1 6 -1 25 -1 9 -1 8 -1 15 -1 49 -1 
9 -1 15 -1 49 -1 25 -1 0 -1 8 -1 6 -1 14 -1 
49 -1 6 -1 9 -1 8 -1 14 -1 0 -1 15 -1 25 -1 
0 -1 25 -1 49 -1 8 -1 15 -1 14 -1 9 -1 6 -1 
9 -1 0 -1 8 -1 25 -1 14 -1 6 -1 49 -1 15 -1 
25 -1 15 -1 6 -1 0 -1 9 -1 8 -1 14 -1 49 -1 
8 -1 0 -1 14 -1 6 -1 15 -1 25 -1 49 -1 9 -1 
6 -1 0 -1 8 -1 15 -1 49 -1 25 -1 14 -1 9 -1 
25 -1 49 -1 8 -1 14 -1 0 -1 6 -1 9 -1 15 -1 
9 -1 6 -1 49 -1 0 -1 8 -1 25 -1 14 -1 15 -1 
9 -1 14 -1 25 -1 15 -1 6 -1 8 -1 0 -1 49 -1 
9 -1 14 -1 15 -1 25 -1 6 -1 0 -1 8 -1 49 -1 
8 -1 9 -1 25 -1 15 -1 14 -1 49 -1 0 -1 6 -1 
25 -1 8 -1 9 -1 14 -1 0 -1 6 -1 15 -1 49 -1 
8 -1 15 -1 6 -1 9 -1 14 -1 25 -1 49 -1 0 -1 
8 -1 15 -1 14 -1 0 -1 25 -1 6 -1 49 -1 9 -1 
6 -1 0 -1 25 -1 14 -1 15 -1 8 -1 9 -1 49 -1 
6 -1 25 -1 9 -1 8 -1 14 -1 49 -1 15 -1 0 -1 
6 -1 0 -1 49 -1 25 -1 14 -1 8 -1 9 -1 15 -1 
9 -1 14 -1 49 -1 6 -1 25 -1 8 -1 0 -1 15 -1 
9 -1 8 -1 25 -1 6 -1 15 -1 14 -1 0 -1 49 -1 
49 -1 9 -1 15 -1 8 -1 0 -1 25 -1 14 -1 6 -1 
25 -1 14 -1 9 -1 6 -1 8 -1 0 -1 49 -1 15 -1 
6 -1 8 -1 14 -1 9 -1 0 -1 49 -1 25 -1 15 -1 
8 -1 6 -1 25 -1 14 -1 49 -1 15 -1 0 -1 9 -1 
0 -1 9 -1 49 -1 15 -1 25 -1 6 -1 8 -1 14 -1 
9 -1 25 -1 0 -1 14 -1 49 -1 15 -1 6 -1 8 -1 
9 -1 14 -1 8 -1 15 -1 25 -1 49 -1 6 -1 0 -1 
9 -1 25 -1 6 -1 0 -1 49 -1 14 -1 15 -1 8 -1 
6 -1 8 -1 9 -1 15 -1 14 -1 49 -1 0 -1 25 -1 
49 -1 14 -1 15 -1 9 -1 6 -1 0 -1 8 -1 25 -1 
0 -1 9 -1 49 -1 8 -1 15 -1 6 -1 14 -1 25 -1 
8 -1 0 -1 6 -1 15 -1 49 -1 25 -1 9 -1 14 -1 
6 -1 25 -1 49 -1 15 -1 8 -1 0 -1 14 -1 9 -1 
49 -1 8 -1 0 -1 14 -1 15 -1 6 -1 25 -1 9 -1 
0 -1 6 -1 49 -1 8 -1 15 -1 14 -1 25 -1 9 -1 
9 -1 0 -1 6 -1 14 -1 25 -1 8 -1 15 -1 49 -1 
6 -1 25 -1 9 -1 14 -1 0 -1 49 -1 8 -1 15 -1 
0 -1 25 -1 6 -1 49 -1 14 -1 9 -1 15 -1 8 -1 
0 -1 25 -1 49 -1 15 -1 8 -1 9 -1 14 -1 6 -1 
15 -1 25 -1 14 -1 0 -1 8 -1 9 -1 6 -1 49 -1 
15 -1 9 -1 14 -1 25 -1 8 -1 6 -1 0 -1 49 -1 
9 -1 0 -1 14 -1 25 -1 49 -1 15 -1 8 -1 6 -1 
9 -1 6 -1 14 -1 15 -1 0 -1 25 -1 49 -1 8 -1 
8 -1 6 -1 15 -1 25 -1 49 -1 14 -1 0 -1 9 -1 
14 -1 9 -1 6 -1 8 -1 15 -1 0 -1 25 -1 49 -1 
25 -1 49 -1 9 -1 0 -1 8 -1 15 -1 14 -1 6 -1 
9 -1 8 -1 0 -1 6 -1 49 -1 25 -1 15 -1 14 -1 
9 -1 6 -1 15 -1 8 -1 0 -1 14 -1 49 -1 25 -1 
25 -1 8 -1 14 -1 49 -1 9 -1 6 -1 0 -1 15 -1 
9 -1 25 -1 0 -1 8 -1 49 -1 14 -1 6 -1 15 -1 
25 -1 9 -1 8 -1 14 -1 6 -1 0 -1 49 -1 15 -1 
6 -1 25 -1 15 -1 8 -1 49 -1 0 -1 9 -1 14 -1 
49 -1 25 -1 15 -1 9 -1 6 -1 0 -1 8 -1 14 -1 
15 -1 49 -1 6 -1 9 -1 14 -1 0 -1 8 -1 25 -1 
6 -1 25 -1 15 -1 49 -1 0 -1 8 -1 9 -1 14 -1 
25 -1 8 -1 6 -1 49 -1 15 -1 14 -1 0 -1 9 -1 
8 -1 49 -1 6 -1 9 -1 0 -1 15 -1 14 -1 25 -1 
14 -1 49 -1 8 -1 15 -1 0 -1 25 -1 9 -1 6 -1 
25 -1 0 -1 15 -1 49 -1 14 -1 8 -1 6 -1 9 -1 
15 -1 9 -1 0 -1 14 -1 49 -1 25 -1 6 -1 8 -1 
0 -1 14 -1 25 -1 8 -1 6 -1 49 -1 15 -1 9 -1 
6 -1 49 -1 14 -1 15 -1 8 -1 25 -1 0 -1 9 -1 
25 -1 49 -1 0 -1 8 -1 6 -1 14 -1 9 -1 15 -1 
8 -1 14 -1 49 -1 25 -1 0 -1 15 -1 9 -1 6 -1 
49 -1 25 -1 15 -1 8 -1 0 -1 9 -1 6 -1 14 -1 
6 -1 25 -1 9 -1 14 -1 15 -1 0 -1 49 -1 8 -1 
0 -1 6 -1 49 -1 14 -1 9 -1 8 -1 25 -1 15 -1 
0 -1 49 -1 14 -1 6 -1 25 -1 9 -1 8 -1 15 -1 
14 -1 8 -1 15 -1 6 -1 49 -1 25 -1 9 -1 0 -1 
0 -1 25 -1 14 -1 9 -1 8 -1 6 -1 15 -1 49 -1 
6 -1 14 -1 15 -1 25 -1 0 -1 9 -1 8 -1 49 -1 
8 -1 14 -1 49 -1 0 -1 25 -1 9 -1 6 -1 15 -1 
8 -1 6 -1 25 -1 14 -1 15 -1 49 -1 9 -1 0 -1 
25 -1 0 -1 49 -1 14 -1 15 -1 9 -1 6 -1 8 -1 
25 -1 0 -1 9 -1 6 -1 8 -1 49 -1 14 -1 15 -1 
15 -1 25 -1 0 -1 6 -1 9 -1 8 -1 14 -1 49 -1 
14 -1 8 -1 15 -1 9 -1 6 -1 49 -1 25 -1 0 -1 
25 -1 0 -1 49 -1 14 -1 6 -1 9 -1 8 -1 15 -1 
9 -1 0 -1 25 -1 49 -1 14 -1 6 -1 15 -1 8 -1 
15 -1 25 -1 0 -1 49 -1 6 -1 8 -1 9 -1 14 -1 
9 -1 6 -1 25 -1 0 -1 14 -1 49 -1 8 -1 15 -1 
0 -1 15 -1 14 -1 25 -1 49 -1 8 -1 6 -1 9 -1 
49 -1 6 -1 8 -1 14 -1 15 -1 9 -1 0 -1 25 -1 
25 -1 9 -1 14 -1 15 -1 6 -1 49 -1 0 -1 8 -1 
25 -1 49 -1 0 -1 14 -1 6 -1 15 -1 9 -1 8 -1 
8 -1 15 -1 25 -1 14 -1 49 -1 9 -1 6 -1 0 -1 
14 -1 8 -1 49 -1 15 -1 0 -1 9 -1 25 -1 6 -1 
14 -1 9 -1 0 -1 8 -1 15 -1 6 -1 49 -1 25 -1 
0 -1 6 -1 8 -1 25 -1 9 -1 49 -1 15 -1 14 -1 
8 -1 0 -1 15 -1 9 -1 14 -1 6 -1 25 -1 49 -1 
0 -1 15 -1 9 -1 6 -1 25 -1 8 -1 49 -1 14 -1 
8 -1 0 -1 9 -1 49 -1 14 -1 25 -1 6 -1 15 -1 
49 -1 9 -1 8 -1 0 -1 14 -1 6 -1 25 -1 15 -1 
25 -1 0 -1 6 -1 14 -1 15 -1 8 -1 49 -1 9 -1 
14 -1 49 -1 8 -1 25 -1 6 -1 9 -1 0 -1 15 -1 
49 -1 14 -1 8 -1 6 -1 25 -1 0 -1 15 -1 9 -1 
6 -1 15 -1 49 -1 14 -1 8 -1 9 -1 0 -1 25 -1 
15 -1 0 -1 8 -1 9 -1 25 -1 6 -1 49 -1 14 -1 
9 -1 25 -1 0 -1 15 -1 8 -1 14 -1 49 -1 6 -1 
8 -1 25 -1 6 -1 49 -1 14 -1 0 -1 9 -1 15 -1 
14 -1 0 -1 9 -1 6 -1 15 -1 25 -1 8 -1 49 -1 
14 -1 25 -1 0 -1 8 -1 15 -1 49 -1 6 -1 9 -1 
15 -1 49 -1 0 -1 8 -1 25 -1 14 -1 9 -1 6 -1 
8 -1 9 -1 0 -1 49 -1 14 -1 6 -1 25 -1 15 -1 
9 -1 15 -1 6 -1 14 -1 49 -1 8 -1 25 -1 0 -1 
14 -1 25 -1 0 -1 6 -1 8 -1 49 -1 9 -1 15 -1 
15 -1 8 -1 6 -1 9 -1 0 -1 25 -1 49 -1 14 -1 
25 -1 9 -1 0 -1 14 -1 6 -1 15 -1 8 -1 49 -1 
8 -1 9 -1 6 -1 15 -1 25 -1 49 -1 14 -1 0 -1 
25 -1 9 -1 8 -1 6 -1 15 -1 0 -1 14 -1 49 -1 
8 -1 0 -1 15 -1 6 -1 14 -1 25 -1 49 -1 9 -1 
6 -1 49 -1 25 -1 8 -1 0 -1 9 -1 14 -1 15 -1 
6 -1 49 -1 0 -1 15 -1 8 -1 14 -1 25 -1 9 -1 
14 -1 8 -1 9 -1 6 -1 15 -1 0 -1 25 -1 49 -1 
9 -1 6 -1 8 -1 49 -1 15 -1 0 -1 25 -1 14 -1 
49 -1 0 -1 8 -1 14 -1 6 -1 25 -1 9 -1 15 -1 
9 -1 8 -1 49 -1 15 -1 6 -1 0 -1 25 -1 14 -1 
25 -1 9 -1 49 -1 15 -1 8 -1 6 -1 0 -1 14 -1 
15 -1 0 -1 6 -1 25 -1 49 -1 9 -1 8 -1 14 -1 
6 -1 25 -1 9 -1 49 -1 15 -1 8 -1 0 -1 14 -1 
14 -1 8 -1 6 -1 9 -1 25 -1 0 -1 15 -1 49 -1 
49 -1 14 -1 25 -1 9 -1 15 -1 0 -1 6 -1 8 -1 
6 -1 15 -1 49 -1 8 -1 14 -1 0 -1 9 -1 25 -1 
15 -1 0 -1 25 -1 8 -1 6 -1 14 -1 49 -1 9 -1 
15 -1 14 -1 0 -1 9 -1 6 -1 25 -1 8 -1 49 -1 
15 -1 0 -1 8 -1 49 -1 14 -1 9 -1 25 -1 6 -1 
49 -1 6 -1 9 -1 8 -1 0 -1 25 -1 14 -1 15 -1 
0 -1 9 -1 14 -1 8 -1 49 -1 25 -1 6 -1 15 -1 
25 -1 9 -1 15 -1 8 -1 14 -1 6 -1 49 -1 0 -1 
0 -1 49 -1 6 -1 25 -1 15 -1 8 -1 9 -1 14 -1 
8 -1 9 -1 14 -1 6 -1 0 -1 25 -1 49 -1 15 -1 
15 -1 49 -1 0 -1 9 -1 14 -1 8 -1 25 -1 6 -1 
15 -1 14 -1 49 -1 8 -1 0 -1 9 -1 6 -1 25 -1 
49 -1 25 -1 6 -1 15 -1 8 -1 14 -1 9 -1 0 -1 
14 -1 25 -1 15 -1 49 -1 9 -1 0 -1 8 -1 6 -1 
8 -1 25 -1 49 -1 14 -1 9 -1 6 -1 0 -1 15 -1 
6 -1 0 -1 9 -1 25 -1 49 -1 14 -1 15 -1 8 -1 
6 -1 9 -1 25 -1 49 -1 14 -1 0 -1 8 -1 15 -1 
49 -1 25 -1 9 -1 8 -1 0 -1 15 -1 6 -1 14 -1 
0 -1 49 -1 25 -1 15 -1 9 -1 14 -1 8 -1 6 -1 
0 -1 14 -1 49 -1 6 -1 15 -1 8 -1 9 -1 25 -1 
49 -1 8 -1 0 -1 6 -1 9 -1 15 -1 25 -1 14 -1 
49 -1 25 -1 14 -1 0 -1 8 -1 9 -1 15 -1 6 -1 
8 -1 9 -1 6 -1 0 -1 49 -1 14 -1 25 -1 15 -1 
0 -1 9 -1 15 -1 25 -1 49 -1 6 -1 8 -1 14 -1 
49 -1 15 -1 14 -1 0 -1 25 -1 9 -1 8 -1 6 -1 
9 -1 6 -1 15 -1 14 -1 8 -1 49 -1 25 -1 0 -1 
0 -1 14 -1 6 -1 49 -1 9 -1 15 -1 25 -1 8 -1 
14 -1 15 -1 0 -1 6 -1 49 -1 9 -1 8 -1 25 -1 
14 -1 9 -1 49 -1 8 -1 0 -1 6 -1 15 -1 25 -1 
25 -1 0 -1 6 -1 9 -1 49 -1 15 -1 8 -1 14 -1 
8 -1 0 -1 49 -1 6 -1 14 -1 9 -1 15 -1 25 -1 
6 -1 15 -1 0 -1 9 -1 8 -1 14 -1 25 -1 49 -1 
49 -1 0 -1 8 -1 9 -1 14 -1 25 -1 15 -1 6 -1 
6 -1 49 -1 0 -1 25 -1 14 -1 9 -1 8 -1 15 -1 
9 -1 14 -1 15 -1 25 -1 8 -1 0 -1 49 -1 6 -1 
9 -1 14 -1 0 -1 49 -1 6 -1 15 -1 25 -1 8 -1 
15 -1 6 -1 25 -1 9 -1 0 -1 8 -1 49 -1 14 -1 
25 -1 49 -1 14 -1 15 -1 8 -1 6 -1 0 -1 9 -1 
0 -1 14 -1 9 -1 49 -1 8 -1 6 -1 25 -1 15 -1 
0 -1 9 -1 14 -1 8 -1 25 -1 15 -1 49 -1 6 -1 
25 -1 14 -1 0 -1 9 -1 49 -1 15 -1 6 -1 8 -1 
25 -1 6 -1 49 -1 0 -1 14 -1 9 -1 15 -1 8 -1 
14 -1 6 -1 25 -1 0 -1 49 -1 8 -1 9 -1 15 -1 
15 -1 25 -1 8 -1 14 -1 0 -1 6 -1 9 -1 49 -1 
6 -1 9 -1 8 -1 25 -1 14 -1 49 -1 0 -1 15 -1 
8 -1 25 -1 0 -1 14 -1 15 -1 49 -1 9 -1 6 -1 
0 -1 14 -1 8 -1 49 -1 9 -1 25 -1 6 -1 15 -1 
25 -1 8 -1 9 -1 14 -1 49 -1 6 -1 15 -1 0 -1 
0 -1 25 -1 49 -1 9 -1 6 -1 8 -1 14 -1 15 -1 
6 -1 0 -1 8 -1 49 -1 14 -1 9 -1 25 -1 15 -1 
9 -1 6 -1 25 -1 14 -1 15 -1 8 -1 0 -1 49 -1 
25 -1 15 -1 0 -1 49 -1 9 -1 14 -1 8 -1 6 -1 
8 -1 25 -1 49 -1 15 -1 6 -1 0 -1 14 -1 9 -1 
8 -1 15 -1 9 -1 25 -1 6 -1 0 -1 14 -1 49 -1 
6 -1 49 -1 0 -1 9 -1 14 -1 15 -1 25 -1 8 -1 
0 -1 15 -1 8 -1 14 -1 6 -1 49 -1 9 -1 25 -1 
6 -1 9 -1 14 -1 8 -1 15 -1 49 -1 0 -1 25 -1 
15 -1 14 -1 0 -1 6 -1 25 -1 49 -1 9 -1 8 -1 
49 -1 6 -1 15 -1 9 -1 8 -1 25 -1 0 -1 14 -1 
0 -1 25 -1 8 -1 15 -1 6 -1 9 -1 49 -1 14 -1 
14 -1 8 -1 25 -1 15 -1 9 -1 0 -1 6 -1 49 -1 
9 -1 25 -1 14 -1 0 -1 6 -1 15 -1 49 -1 8 -1 
49 -1 25 -1 14 -1 15 -1 8 -1 0 -1 9 -1 6 -1 
49 -1 14 -1 9 -1 6 -1 8 -1 15 -1 0 -1 25 -1 
15 -1 25 -1 49 -1 9 -1 8 -1 0 -1 14 -1 6 -1 
8 -1 9 -1 14 -1 25 -1 15 -1 0 -1 49 -1 6 -1 
49 -1 9 -1 14 -1 25 -1 6 -1 8 -1 15 -1 0 -1 
9 -1 25 -1 49 -1 14 -1 6 -1 8 -1 15 -1 0 -1 
8 -1 15 -1 0 -1 14 -1 9 -1 49 -1 6 -1 25 -1 
6 -1 8 -1 14 -1 15 -1 25 -1 49 -1 9 -1 0 -1 
25 -1 9 -1 49 -1 14 -1 0 -1 15 -1 8 -1 6 -1 
0 -1 25 -1 49 -1 15 -1 9 -1 8 -1 6 -1 14 -1 
15 -1 25 -1 9 -1 6 -1 49 -1 0 -1 8 -1 14 -1 
15 -1 0 -1 9 -1 6 -1 8 -1 14 -1 25 -1 49 -1 
0 -1 9 -1 15 -1 8 -1 49 -1 6 -1 25 -1 14 -1 
6 -1 15 -1 25 -1 49 -1 8 -1 0 -1 9 -1 14 -1 
14 -1 9 -1 6 -1 49 -1 0 -1 25 -1 8 -1 15 -1 
8 -1 0 -1 6 -1 25 -1 9 -1 14 -1 49 -1 15 -1 
25 -1 0 -1 6 -1 8 -1 14 -1 9 -1 15 -1 49 -1 
8 -1 25 -1 15 -1 0 -1 14 -1 6 -1 49 -1 9 -1 
15 -1 49 -1 14 -1 0 -1 8 -1 25 -1 6 -1 9 -1 
8 -1 14 -1 0 -1 49 -1 6 -1 25 -1 9 -1 15 -1 
25 -1 9 -1 0 -1 8 -1 15 -1 49 -1 14 -1 6 -1 
6 -1 9 -1 0 -1 49 -1 15 -1 25 -1 8 -1 14 -1 
25 -1 49 -1 14 -1 9 -1 15 -1 6 -1 0 -1 8 -1 
15 -1 6 -1 9 -1 25 -1 14 -1 8 -1 49 -1 0 -1 
8 -1 49 -1 9 -1 14 -1 0 -1 25 -1 6 -1 15 -1 
49 -1 25 -1 15 -1 9 -1 0 -1 6 -1 14 -1 8 -1 
6 -1 25 -1 49 -1 9 -1 8 -1 0 -1 15 -1 14 -1 
49 -1 25 -1 14 -1 8 -1 9 -1 0 -1 6 -1 15 -1 
15 -1 25 -1 6 -1 49 -1 9 -1 14 -1 0 -1 8 -1 
14 -1 6 -1 25 -1 15 -1 0 -1 9 -1 8 -1 49 -1 
25 -1 49 -1 15 -1 14 -1 9 -1 6 -1 8 -1 0 -1 
6 -1 0 -1 14 -1 25 -1 9 -1 8 -1 49 -1 15 -1 
9 -1 14 -1 6 -1 15 -1 8 -1 25 -1 0 -1 49 -1 
14 -1 49 -1 8 -1 0 -1 6 -1 15 -1 25 -1 9 -1 
0 -1 8 -1 25 -1 49 -1 14 -1 9 -1 15 -1 6 -1 
8 -1 9 -1 25 -1 49 -1 0 -1 15 -1 6 -1 14 -1 
15 -1 25 -1 0 -1 49 -1 14 -1 9 -1 8 -1 6 -1 
6 -1 9 -1 15 -1 0 -1 25 -1 14 -1 8 -1 49 -1 
0 -1 15 -1 49 -1 9 -1 14 -1 8 -1 25 -1 6 -1 
9 -1 15 -1 8 -1 0 -1 6 -1 49 -1 14 -1 25 -1 
25 -1 0 -1 8 -1 9 -1 15 -1 14 -1 49 -1 6 -1 
9 -1 14 -1 49 -1 15 -1 0 -1 25 -1 8 -1 6 -1 
15 -1 9 -1 0 -1 49 -1 25 -1 6 -1 14 -1 8 -1 
6 -1 49 -1 25 -1 0 -1 9 -1 8 -1 14 -1 15 -1 
25 -1 14 -1 0 -1 8 -1 15 -1 9 -1 6 -1 49 -1 
6 -1 25 -1 15 -1 49 -1 14 -1 9 -1 8 -1 0 -1 
8 -1 25 -1 14 -1 0 -1 6 -1 9 -1 15 -1 49 -1 
6 -1 8 -1 49 -1 0 -1 15 -1 14 -1 9 -1 25 -1 
9 -1 0 -1 25 -1 49 -1 6 -1 15 -1 8 -1 14 -1 
9 -1 49 -1 8 -1 14 -1 0 -1 15 -1 25 -1 6 -1 
0 -1 15 -1 9 -1 25 -1 6 -1 8 -1 14 -1 49 -1 
8 -1 49 -1 15 -1 25 -1 9 -1 0 -1 6 -1 14 -1 
0 -1 49 -1 25 -1 15 -1 8 -1 14 -1 9 -1 6 -1 
49 -1 15 -1 9 -1 0 -1 14 -1 6 -1 25 -1 8 -1 
25 -1 15 -1 8 -1 6 -1 0 -1 49 -1 14 -1 9 -1 
14 -1 6 -1 8 -1 0 -1 9 -1 49 -1 25 -1 15 -1 
6 -1 15 -1 9 -1 0 -1 14 -1 8 -1 25 -1 49 -1 
8 -1 25 -1 15 -1 6 -1 14 -1 49 -1 0 -1 9 -1 
8 -1 49 -1 25 -1 14 -1 15 -1 6 -1 9 -1 0 -1 
49 -1 15 -1 25 -1 0 -1 14 -1 9 -1 6 -1 8 -1 
8 -1 49 -1 25 -1 0 -1 9 -1 14 -1 6 -1 15 -1 
25 -1 6 -1 49 -1 9 -1 14 -1 15 -1 0 -1 8 -1 
49 -1 0 -1 9 -1 8 -1 25 -1 14 -1 6 -1 15 -1 
6 -1 0 -1 9 -1 49 -1 8 -1 15 -1 14 -1 25 -1 
9 -1 25 -1 49 -1 6 -1 14 -1 0 -1 15 -1 8 -1 
9 -1 25 -1 6 -1 14 -1 8 -1 49 -1 0 -1 15 -1 
6 -1 49 -1 25 -1 14 -1 9 -1 15 -1 0 -1 8 -1 
49 -1 15 -1 14 -1 8 -1 9 -1 6 -1 25 -1 0 -1 
8 -1 25 -1 6 -1 15 -1 0 -1 14 -1 9 -1 49 -1 
49 -1 6 -1 8 -1 9 -1 15 -1 0 -1 14 -1 25 -1 
14 -1 15 -1 6 -1 25 -1 9 -1 49 -1 8 -1 0 -1 
14 -1 8 -1 6 -1 9 -1 49 -1 15 -1 25 -1 0 -1 
8 -1 49 -1 6 -1 15 -1 0 -1 9 -1 14 -1 25 -1 
25 -1 14 -1 6 -1 49 -1 15 -1 0 -1 9 -1 8 -1 
6 -1 15 -1 25 -1 14 -1 49 -1 0 -1 9 -1 8 -1 
49 -1 14 -1 25 -1 9 -1 0 -1 6 -1 8 -1 15 -1 
25 -1 9 -1 49 -1 14 -1 6 -1 8 -1 0 -1 15 -1 
15 -1 0 -1 25 -1 9 -1 8 -1 49 -1 14 -1 6 -1 
0 -1 9 -1 14 -1 8 -1 49 -1 6 -1 15 -1 25 -1 
49 -1 8 -1 14 -1 15 -1 25 -1 0 -1 6 -1 9 -1 
49 -1 8 -1 14 -1 9 -1 0 -1 6 -1 15 -1 25 -1 
14 -1 6 -1 0 -1 15 -1 25 -1 9 -1 8 -1 49 -1 
0 -1 9 -1 14 -1 25 -1 49 -1 8 -1 15 -1 6 -1 
8 -1 0 -1 49 -1 25 -1 9 -1 6 -1 14 -1 15 -1 
15 -1 49 -1 0 -1 6 -1 25 -1 9 -1 8 -1 14 -1 
14 -1 8 -1 49 -1 0 -1 25 -1 9 -1 15 -1 6 -1 
0 -1 6 -1 15 -1 9 -1 14 -1 8 -1 49 -1 25 -1 
0 -1 6 -1 8 -1 15 -1 49 -1 25 -1 14 -1 9 -1 
25 -1 9 -1 6 -1 15 -1 8 -1 49 -1 14 -1 0 -1 
15 -1 9 -1 0 -1 49 -1 8 -1 25 -1 14 -1 6 -1 
15 -1 8 -1 49 -1 25 -1 9 -1 6 -1 14 -1 0 -1 
9 -1 15 -1 25 -1 6 -1 14 -1 0 -1 8 -1 49 -1 
49 -1 8 -1 9 -1 25 -1 0 -1 6 -1 15 -1 14 -1 
15 -1 49 -1 25 -1 8 -1 6 -1 14 -1 0 -1 9 -1 
14 -1 0 -1 25 -1 8 -1 9 -1 49 -1 6 -1 15 -1 
25 -1 9 -1 6 -1 8 -1 15 -1 49 -1 0 -1 14 -1 
14 -1 9 -1 6 -1 25 -1 15 -1 49 -1 8 -1 0 -1 
9 -1 49 -1 0 -1 25 -1 14 -1 6 -1 15 -1 8 -1 
0 -1 14 -1 15 -1 49 -1 6 -1 25 -1 8 -1 9 -1 
0 -1 6 -1 8 -1 49 -1 14 -1 9 -1 25 -1 15 -1 
25 -1 6 -1 8 -1 14 -1 15 -1 0 -1 9 -1 49 -1 
15 -1 14 -1 0 -1 9 -1 6 -1 8 -1 49 -1 25 -1 
15 -1 0 -1 14 -1 49 -1 8 -1 25 -1 9 -1 6 -1 
9 -1 49 -1 25 -1 6 -1 0 -1 14 -1 8 -1 15 -1 
6 -1 9 -1 49 -1 0 -1 14 -1 25 -1 8 -1 15 -1 
49 -1 15 -1 8 -1 9 -1 25 -1 6 -1 14 -1 0 -1 
8 -1 6 -1 15 -1 9 -1 14 -1 0 -1 49 -1 25 -1 
8 -1 49 -1 0 -1 15 -1 25 -1 9 -1 14 -1 6 -1 
0 -1 49 -1 14 -1 25 -1 9 -1 6 -1 15 -1 8 -1 
25 -1 14 -1 49 -1 6 -1 0 -1 15 -1 8 -1 9 -1 
0 -1 6 -1 49 -1 14 -1 8 -1 25 -1 9 -1 15 -1 
15 -1 8 -1 6 -1 14 -1 49 -1 25 -1 0 -1 9 -1 
14 -1 49 -1 0 -1 6 -1 25 -1 8 -1 9 -1 15 -1 
15 -1 14 -1 8 -1 49 -1 25 -1 9 -1 6 -1 0 -1 
9 -1 14 -1 15 -1 25 -1 0 -1 6 -1 8 -1 49 -1 
25 -1 9 -1 14 -1 8 -1 0 -1 6 -1 15 -1 49 -1 
8 -1 15 -1 6 -1 49 -1 25 -1 0 -1 9 -1 14 -1 
49 -1 15 -1 6 -1 8 -1 0 -1 14 -1 25 -1 9 -1 
0 -1 8 -1 49 -1 15 -1 6 -1 25 -1 9 -1 14 -1 
8 -1 0 -1 15 -1 6 -1 49 -1 25 -1 14 -1 9 -1 
0 -1 49 -1 15 -1 8 -1 6 -1 9 -1 14 -1 25 -1 
6 -1 49 -1 25 -1 0 -1 8 -1 15 -1 9 -1 14 -1 
8 -1 6 -1 9 -1 14 -1 0 -1 49 -1 15 -1 25 -1 
49 -1 0 -1 8 -1 6 -1 25 -1 9 -1 15 -1 14 -1 
8 -1 6 -1 0 -1 25 -1 15 -1 49 -1 14 -1 9 -1 
6 -1 49 -1 9 -1 15 -1 25 -1 0 -1 14 -1 8 -1 
9 -1 6 -1 25 -1 0 -1 8 -1 49 -1 15 -1 14 -1 
15 -1 14 -1 9 -1 0 -1 25 -1 6 -1 49 -1 8 -1 
0 -1 49 -1 14 -1 15 -1 9 -1 6 -1 8 -1 25 -1 
9 -1 25 -1 15 -1 14 -1 49 -1 0 -1 6 -1 8 -1 
9 -1 0 -1 49 -1 8 -1 14 -1 15 -1 6 -1 25 -1 
6 -1 8 -1 25 -1 14 -1 49 -1 0 -1 9 -1 15 -1 
9 -1 25 -1 49 -1 0 -1 15 -1 14 -1 6 -1 8 -1 
6 -1 14 -1 8 -1 49 -1 0 -1 25 -1 9 -1 15 -1 
9 -1 8 -1 0 -1 6 -1 15 -1 14 -1 25 -1 49 -1 
0 -1 6 -1 49 -1 15 -1 9 -1 25 -1 8 -1 14 -1 
14 -1 6 -1 8 -1 25 -1 0 -1 15 -1 9 -1 49 -1 
15 -1 6 -1 14 -1 49 -1 8 -1 9 -1 0 -1 25 -1 
49 -1 6 -1 14 -1 8 -1 25 -1 9 -1 15 -1 0 -1 
14 -1 15 -1 25 -1 9 -1 8 -1 6 -1 0 -1 49 -1 
8 -1 6 -1 9 -1 0 -1 25 -1 15 -1 14 -1 49 -1 
25 -1 0 -1 8 -1 6 -1 14 -1 9 -1 15 -1 49 -1 
9 -1 6 -1 15 -1 8 -1 14 -1 0 -1 25 -1 49 -1 
8 -1 49 -1 0 -1 9 -1 25 -1 15 -1 14 -1 6 -1 
25 -1 49 -1 9 -1 0 -1 14 -1 15 -1 8 -1 6 -1 
49 -1 8 -1 15 -1 25 -1 14 -1 9 -1 6 -1 0 -1 
15 -1 9 -1 8 -1 6 -1 14 -1 49 -1 25 -1 0 -1 
6 -1 9 -1 25 -1 0 -1 8 -1 14 -1 15 -1 49 -1 
0 -1 8 -1 15 -1 9 -1 49 -1 14 -1 6 -1 25 -1 
14 -1 6 -1 8 -1 25 -1 15 -1 0 -1 49 -1 9 -1 
6 -1 0 -1 49 -1 14 -1 15 -1 9 -1 8 -1 25 -1 
15 -1 8 -1 0 -1 9 -1 14 -1 49 -1 6 -1 25 -1 
49 -1 6 -1 8 -1 14 -1 25 -1 9 -1 15 -1 0 -1 
6 -1 49 -1 15 -1 8 -1 9 -1 25 -1 14 -1 0 -1 
6 -1 14 -1 15 -1 9 -1 0 -1 8 -1 25 -1 49 -1 
6 -1 15 -1 8 -1 9 -1 0 -1 49 -1 25 -1 14 -1 
15 -1 9 -1 0 -1 6 -1 49 -1 14 -1 8 -1 25 -1 
14 -1 15 -1 49 -1 0 -1 6 -1 25 -1 8 -1 9 -1 
15 -1 0 -1 14 -1 9 -1 8 -1 6 -1 25 -1 49 -1 
25 -1 0 -1 14 -1 6 -1 49 -1 15 -1 8 -1 9 -1 
14 -1 6 -1 49 -1 9 -1 25 -1 15 -1 0 -1 8 -1 
8 -1 49 -1 0 -1 9 -1 14 -1 25 -1 6 -1 15 -1 
0 -1 15 -1 9 -1 6 -1 49 -1 25 -1 8 -1 14 -1 
0 -1 14 -1 8 -1 15 -1 6 -1 49 -1 25 -1 9 -1 
14 -1 6 -1 49 -1 9 -1 25 -1 15 -1 8 -1 0 -1 
6 -1 49 -1 15 -1 9 -1 0 -1 14 -1 8 -1 25 -1 
15 -1 14 -1 6 -1 49 -1 25 -1 9 -1 8 -1 0 -1 
6 -1 15 -1 49 -1 8 -1 25 -1 14 -1 9 -1 0 -1 
15 -1 25 -1 14 -1 6 -1 8 -1 9 -1 0 -1 49 -1 
15 -1 0 -1 6 -1 9 -1 8 -1 25 -1 14 -1 49 -1 
14 -1 25 -1 0 -1 49 -1 8 -1 6 -1 9 -1 15 -1 
8 -1 15 -1 14 -1 0 -1 49 -1 9 -1 25 -1 6 -1 
8 -1 49 -1 25 -1 9 -1 0 -1 14 -1 15 -1 6 -1 
8 -1 15 -1 6 -1 25 -1 49 -1 9 -1 14 -1 0 -1 
14 -1 49 -1 25 -1 6 -1 8 -1 9 -1 15 -1 0 -1 
49 -1 25 -1 0 -1 15 -1 9 -1 14 -1 6 -1 8 -1 
8 -1 15 -1 6 -1 0 -1 9 -1 14 -1 49 -1 25 -1 
49 -1 9 -1 15 -1 25 -1 14 -1 6 -1 8 -1 0 -1 
8 -1 14 -1 25 -1 15 -1 9 -1 6 -1 49 -1 0 -1 
8 -1 0 -1 6 -1 25 -1 15 -1 9 -1 14 -1 49 -1 
9 -1 25 -1 8 -1 15 -1 49 -1 14 -1 0 -1 6 -1 
0 -1 9 -1 25 -1 14 -1 6 -1 8 -1 15 -1 49 -1 
8 -1 6 -1 25 -1 0 -1 9 -1 49 -1 15 -1 14 -1 
9 -1 6 -1 14 -1 15 -1 0 -1 8 -1 49 -1 25 -1 
15 -1 8 -1 25 -1 6 -1 9 -1 0 -1 14 -1 49 -1 
15 -1 49 -1 0 -1 6 -1 14 -1 9 -1 25 -1 8 -1 
6 -1 9 -1 25 -1 8 -1 14 -1 15 -1 0 -1 49 -1 
6 -1 25 -1 15 -1 8 -1 49 -1 0 -1 14 -1 9 -1 
6 -1 8 -1 14 -1 25 -1 15 -1 49 -1 0 -1 9 -1 
9 -1 25 -1 14 -1 15 -1 6 -1 49 -1 0 -1 8 -1 
6 -1 14 -1 15 -1 0 -1 9 -1 49 -1 25 -1 8 -1 
49 -1 25 -1 14 -1 0 -1 9 -1 8 -1 15 -1 6 -1 
15 -1 9 -1 8 -1 25 -1 0 -1 49 -1 6 -1 14 -1 
6 -1 8 -1 14 -1 0 -1 15 -1 9 -1 25 -1 49 -1 
0 -1 9 -1 14 -1 6 -1 8 -1 15 -1 25 -1 49 -1 
49 -1 9 -1 8 -1 25 -1 14 -1 6 -1 15 -1 0 -1 
14 -1 49 -1 9 -1 0 -1 25 -1 6 -1 8 -1 15 -1 
49 -1 14 -1 25 -1 9 -1 0 -1 6 -1 8 -1 15 -1 
14 -1 25 -1 49 -1 15 -1 6 -1 8 -1 9 -1 0 -1 
49 -1 25 -1 9 -1 8 -1 15 -1 0 -1 14 -1 6 -1 
8 -1 15 -1 49 -1 0 -1 9 -1 14 -1 25 -1 6 -1 
49 -1 0 -1 14 -1 9 -1 15 -1 8 -1 25 -1 6 -1 
8 -1 15 -1 6 -1 49 -1 0 -1 14 -1 9 -1 25 -1 
15 -1 0 -1 8 -1 49 -1 9 -1 6 -1 25 -1 14 -1 
15 -1 14 -1 8 -1 25 -1 9 -1 0 -1 49 -1 6 -1 
25 -1 14 -1 6 -1 49 -1 0 -1 15 -1 9 -1 8 -1 
9 -1 14 -1 8 -1 15 -1 0 -1 25 -1 6 -1 49 -1 
0 -1 9 -1 49 -1 6 -1 8 -1 14 -1 25 -1 15 -1 
0 -1 14 -1 9 -1 49 -1 8 -1 25 -1 15 -1 6 -1 
14 -1 9 -1 25 -1 15 -1 8 -1 6 -1 49 -1 0 -1 
6 -1 9 -1 15 -1 14 -1 25 -1 0 -1 49 -1 8 -1 
15 -1 14 -1 0 -1 49 -1 9 -1 6 -1 25 -1 8 -1 
9 -1 49 -1 8 -1 6 -1 14 -1 0 -1 25 -1 15 -1 
0 -1 49 -1 9 -1 8 -1 14 -1 25 -1 6 -1 15 -1 
25 -1 15 -1 8 -1 49 -1 0 -1 9 -1 6 -1 14 -1 
6 -1 9 -1 49 -1 25 -1 8 -1 14 -1 0 -1 15 -1 
25 -1 49 -1 14 -1 6 -1 8 -1 9 -1 0 -1 15 -1 
0 -1 8 -1 14 -1 9 -1 6 -1 15 -1 25 -1 49 -1 
6 -1 14 -1 15 -1 49 -1 25 -1 0 -1 8 -1 9 -1 
0 -1 9 -1 49 -1 25 -1 6 -1 15 -1 8 -1 14 -1 
49 -1 15 -1 9 -1 8 -1 0 -1 6 -1 25 -1 14 -1 
49 -1 8 -1 15 -1 9 -1 25 -1 6 -1 0 -1 14 -1 
8 -1 9 -1 49 -1 25 -1 6 -1 14 -1 15 -1 0 -1 
8 -1 15 -1 0 -1 6 -1 9 -1 14 -1 25 -1 49 -1 
14 -1 0 -1 9 -1 49 -1 15 -1 8 -1 25 -1 6 -1 
8 -1 14 -1 6 -1 9 -1 25 -1 49 -1 0 -1 15 -1 
14 -1 9 -1 25 -1 0 -1 6 -1 15 -1 49 -1 8 -1 
8 -1 14 -1 49 -1 15 -1 9 -1 0 -1 25 -1 6 -1 
15 -1 0 -1 49 -1 8 -1 14 -1 6 -1 9 -1 25 -1 
49 -1 8 -1 14 -1 25 -1 6 -1 0 -1 15 -1 9 -1 
6 -1 8 -1 15 -1 14 -1 49 -1 9 -1 25 -1 0 -1 
9 -1 14 -1 6 -1 15 -1 8 -1 25 -1 0 -1 49 -1 
25 -1 8 -1 9 -1 6 -1 15 -1 0 -1 14 -1 49 -1 
0 -1 8 -1 49 -1 6 -1 14 -1 25 -1 9 -1 15 -1 
49 -1 8 -1 15 -1 6 -1 0 -1 14 -1 25 -1 9 -1 
14 -1 8 -1 0 -1 25 -1 49 -1 9 -1 6 -1 15 -1 
8 -1 25 -1 0 -1 9 -1 6 -1 14 -1 15 -1 49 -1 
49 -1 8 -1 6 -1 14 -1 9 -1 0 -1 15 -1 25 -1 
0 -1 8 -1 14 -1 9 -1 15 -1 49 -1 25 -1 6 -1 
14 -1 9 -1 15 -1 49 -1 0 -1 6 -1 8 -1 25 -1 
6 -1 9 -1 8 -1 15 -1 14 -1 25 -1 0 -1 49 -1 
6 -1 9 -1 0 -1 14 -1 8 -1 15 -1 25 -1 49 -1 
0 -1 14 -1 25 -1 9 -1 6 -1 8 -1 15 -1 49 -1 
15 -1 6 -1 14 -1 8 -1 49 -1 0 -1 9 -1 25 -1 
8 -1 14 -1 15 -1 0 -1 25 -1 6 -1 49 -1 9 -1 
15 -1 0 -1 14 -1 9 -1 49 -1 8 -1 25 -1 6 -1 
0 -1 15 -1 8 -1 14 -1 49 -1 25 -1 6 -1 9 -1 
9 -1 6 -1 49 -1 8 -1 14 -1 15 -1 25 -1 0 -1 
15 -1 14 -1 8 -1 0 -1 25 -1 9 -1 49 -1 6 -1 
0 -1 49 -1 14 -1 8 -1 6 -1 25 -1 9 -1 15 -1 
49 -1 0 -1 9 -1 25 -1 8 -1 6 -1 14 -1 15 -1 
9 -1 25 -1 49 -1 15 -1 0 -1 8 -1 14 -1 6 -1 
9 -1 15 -1 25 -1 0 -1 14 -1 8 -1 49 -1 6 -1 
6 -1 9 -1 25 -1 14 -1 49 -1 0 -1 8 -1 15 -1 
9 -1 25 -1 49 -1 8 -1 6 -1 0 -1 15 -1 14 -1 
8 -1 49 -1 6 -1 15 -1 14 -1 9 -1 0 -1 25 -1 
15 -1 14 -1 6 -1 49 -1 8 -1 0 -1 25 -1 9 -1 
0 -1 25 -1 8 -1 49 -1 6 -1 15 -1 14 -1 9 -1 
9 -1 25 -1 49 -1 14 -1 8 -1 0 -1 15 -1 6 -1 
25 -1 9 -1 49 -1 6 -1 14 -1 0 -1 8 -1 15 -1 
49 -1 14 -1 9 -1 15 -1 0 -1 6 -1 25 -1 8 -1 
0 -1 15 -1 8 -1 6 -1 25 -1 14 -1 9 -1 49 -1 
49 -1 6 -1 9 -1 14 -1 8 -1 25 -1 15 -1 0 -1 
9 -1 6 -1 14 -1 49 -1 8 -1 25 -1 0 -1 15 -1 
15 -1 8 -1 6 -1 9 -1 0 -1 14 -1 49 -1 25 -1 
15 -1 0 -1 25 -1 6 -1 9 -1 14 -1 8 -1 49 -1 
25 -1 49 -1 0 -1 9 -1 15 -1 14 -1 8 -1 6 -1 
8 -1 15 -1 6 -1 9 -1 0 -1 25 -1 49 -1 14 -1 
15 -1 9 -1 14 -1 8 -1 0 -1 49 -1 6 -1 25 -1 
49 -1 9 -1 0 -1 6 -1 25 -1 14 -1 8 -1 15 -1 
0 -1 25 -1 49 -1 9 -1 15 -1 6 -1 14 -1 8 -1 
15 -1 49 -1 6 -1 8 -1 14 -1 25 -1 0 -1 9 -1 
6 -1 25 -1 49 -1 0 -1 15 -1 8 -1 9 -1 14 -1 
6 -1 25 -1 0 -1 15 -1 9 -1 8 -1 49 -1 14 -1 
15 -1 8 -1 9 -1 49 -1 14 -1 0 -1 25 -1 6 -1 
0 -1 15 -1 6 -1 8 -1 14 -1 49 -1 25 -1 9 -1 
49 -1 8 -1 6 -1 15 -1 0 -1 14 -1 9 -1 25 -1 
49 -1 25 -1 14 -1 0 -1 8 -1 15 -1 9 -1 6 -1 
15 -1 6 -1 8 -1 25 -1 9 -1 49 -1 0 -1 14 -1 
25 -1 9 -1 6 -1 15 -1 49 -1 14 -1 0 -1 8 -1 
9 -1 49 -1 14 -1 0 -1 25 -1 15 -1 6 -1 8 -1 
25 -1 14 -1 8 -1 49 -1 6 -1 0 -1 9 -1 15 -1 
49 -1 8 -1 15 -1 14 -1 9 -1 0 -1 25 -1 6 -1 
15 -1 25 -1 9 -1 6 -1 0 -1 49 -1 8 -1 14 -1 
14 -1 15 -1 9 -1 0 -1 8 -1 6 -1 25 -1 49 -1 
14 -1 9 -1 0 -1 49 -1 8 -1 6 -1 15 -1 25 -1 
6 -1 49 -1 9 -1 8 -1 0 -1 15 -1 25 -1 14 -1 
8 -1 6 -1 49 -1 25 -1 14 -1 0 -1 15 -1 9 -1 
9 -1 8 -1 14 -1 25 -1 0 -1 6 -1 15 -1 49 -1 
0 -1 15 -1 14 -1 9 -1 6 -1 8 -1 49 -1 25 -1 
15 -1 25 -1 0 -1 14 -1 49 -1 8 -1 6 -1 9 -1 
25 -1 8 -1 15 -1 0 -1 49 -1 9 -1 6 -1 14 -1 
15 -1 9 -1 8 -1 14 -1 6 -1 25 -1 49 -1 0 -1 
15 -1 6 -1 0 -1 14 -1 9 -1 49 -1 25 -1 8 -1 
8 -1 25 -1 14 -1 15 -1 0 -1 6 -1 49 -1 9 -1 
0 -1 6 -1 49 -1 25 -1 9 -1 8 -1 15 -1 14 -1 
8 -1 6 -1 14 -1 25 -1 49 -1 0 -1 9 -1 15 -1 
49 -1 0 -1 8 -1 14 -1 9 -1 6 -1 25 -1 15 -1 
49 -1 14 -1 25 -1 9 -1 8 -1 0 -1 6 -1 15 -1 
0 -1 49 -1 9 -1 15 -1 8 -1 14 -1 6 -1 25 -1 
14 -1 9 -1 25 -1 15 -1 49 -1 0 -1 8 -1 6 -1 
0 -1 6 -1 9 -1 15 -1 49 -1 14 -1 8 -1 25 -1 
25 -1 8 -1 49 -1 9 -1 6 -1 14 -1 0 -1 15 -1 
0 -1 6 -1 8 -1 49 -1 14 -1 15 -1 25 -1 9 -1 
25 -1 8 -1 0 -1 6 -1 15 -1 49 -1 9 -1 14 -1 
0 -1 25 -1 14 -1 15 -1 49 -1 9 -1 8 -1 6 -1 
9 -1 49 -1 14 -1 8 -1 15 -1 6 -1 25 -1 0 -1 
49 -1 15 -1 25 -1 0 -1 6 -1 14 -1 8 -1 9 -1 
6 -1 14 -1 0 -1 15 -1 8 -1 25 -1 9 -1 49 -1 
8 -1 9 -1 0 -1 14 -1 6 -1 49 -1 15 -1 25 -1 
9 -1 8 -1 6 -1 25 -1 15 -1 49 -1 14 -1 0 -1 
0 -1 15 -1 9 -1 6 -1 49 -1 8 -1 25 -1 14 -1 
9 -1 0 -1 49 -1 15 -1 14 -1 6 -1 25 -1 8 -1 
9 -1 14 -1 0 -1 49 -1 8 -1 25 -1 6 -1 15 -1 
6 -1 0 -1 14 -1 15 -1 25 -1 8 -1 49 -1 9 -1 
6 -1 0 -1 9 -1 25 -1 14 -1 15 -1 49 -1 8 -1 
15 -1 25 -1 9 -1 14 -1 8 -1 49 -1 0 -1 6 -1 
15 -1 9 -1 25 -1 0 -1 49 -1 8 -1 6 -1 14 -1 
8 -1 14 -1 15 -1 25 -1 49 -1 0 -1 9 -1 6 -1 
6 -1 9 -1 49 -1 25 -1 14 -1 15 -1 0 -1 8 -1 
9 -1 14 -1 8 -1 49 -1 0 -1 25 -1 15 -1 6 -1 
6 -1 25 -1 14 -1 8 -1 0 -1 9 -1 49 -1 15 -1 
15 -1 49 -1 6 -1 25 -1 14 -1 0 -1 9 -1 8 -1 
25 -1 49 -1 14 -1 8 -1 15 -1 9 -1 6 -1 0 -1 
0 -1 49 -1 8 -1 6 -1 14 -1 9 -1 15 -1 25 -1 
25 -1 15 -1 6 -1 14 -1 8 -1 49 -1 9 -1 0 -1 
0 -1 6 -1 15 -1 49 -1 9 -1 8 -1 25 -1 14 -1 
9 -1 6 -1 15 -1 8 -1 49 -1 25 -1 0 -1 14 -1 
6 -1 49 -1 15 -1 14 -1 9 -1 8 -1 25 -1 0 -1 
0 -1 15 -1 8 -1 14 -1 6 -1 9 -1 49 -1 25 -1 
0 -1 6 -1 25 -1 15 -1 8 -1 14 -1 49 -1 9 -1 
8 -1 14 -1 15 -1 49 -1 25 -1 6 -1 0 -1 9 -1 
0 -1 14 -1 9 -1 25 -1 6 -1 49 -1 8 -1 15 -1 
6 -1 15 -1 8 -1 25 -1 9 -1 49 -1 0 -1 14 -1 
25 -1 0 -1 15 -1 6 -1 8 -1 9 -1 14 -1 49 -1 
0 -1 25 -1 15 -1 14 -1 49 -1 8 -1 9 -1 6 -1 
6 -1 49 -1 0 -1 9 -1 14 -1 25 -1 8 -1 15 -1 
25 -1 9 -1 6 -1 15 -1 14 -1 49 -1 0 -1 8 -1 
6 -1 15 -1 14 -1 9 -1 8 -1 49 -1 0 -1 25 -1 
6 -1 8 -1 14 -1 0 -1 25 -1 49 -1 15 -1 9 -1 
14 -1 6 -1 49 -1 8 -1 9 -1 15 -1 25 -1 0 -1 
14 -1 25 -1 15 -1 6 -1 9 -1 8 -1 0 -1 49 -1 
49 -1 0 -1 9 -1 14 -1 6 -1 15 -1 25 -1 8 -1 
8 -1 25 -1 15 -1 9 -1 49 -1 14 -1 6 -1 0 -1 
9 -1 0 -1 14 -1 6 -1 15 -1 8 -1 25 -1 49 -1 
6 -1 9 -1 0 -1 25 -1 8 -1 49 -1 15 -1 14 -1 
9 -1 49 -1 8 -1 25 -1 0 -1 6 -1 14 -1 15 -1 
0 -1 49 -1 14 -1 9 -1 6 -1 8 -1 25 -1 15 -1 
6 -1 9 -1 14 -1 8 -1 25 -1 0 -1 49 -1 15 -1 
6 -1 49 -1 8 -1 9 -1 25 -1 14 -1 15 -1 0 -1 
0 -1 8 -1 49 -1 9 -1 6 -1 14 -1 15 -1 25 -1 
49 -1 0 -1 14 -1 9 -1 6 -1 25 -1 8 -1 15 -1 
6 -1 25 -1 15 -1 0 -1 9 -1 49 -1 8 -1 14 -1 
14 -1 8 -1 49 -1 0 -1 15 -1 25 -1 6 -1 9 -1 
6 -1 15 -1 49 -1 8 -1 0 -1 14 -1 25 -1 9 -1 
14 -1 8 -1 6 -1 25 -1 0 -1 9 -1 49 -1 15 -1 
8 -1 14 -1 15 -1 9 -1 0 -1 25 -1 49 -1 6 -1 
49 -1 6 -1 0 -1 9 -1 25 -1 15 -1 8 -1 14 -1 
14 -1 25 -1 49 -1 6 -1 0 -1 8 -1 15 -1 9 -1 
0 -1 8 -1 9 -1 49 -1 25 -1 14 -1 6 -1 15 -1 
15 -1 8 -1 49 -1 9 -1 25 -1 6 -1 14 -1 0 -1 
8 -1 0 -1 49 -1 9 -1 25 -1 15 -1 14 -1 6 -1 
0 -1 49 -1 15 -1 6 -1 9 -1 14 -1 25 -1 8 -1 
15 -1 25 -1 6 -1 8 -1 49 -1 14 -1 9 -1 0 -1 
0 -1 25 -1 15 -1 6 -1 14 -1 8 -1 9 -1 49 -1 
8 -1 15 -1 14 -1 9 -1 25 -1 0 -1 6 -1 49 -1 
8 -1 15 -1 9 -1 0 -1 25 -1 6 -1 14 -1 49 -1 
8 -1 15 -1 0 -1 6 -1 14 -1 9 -1 49 -1 25 -1 
8 -1 0 -1 9 -1 15 -1 6 -1 14 -1 49 -1 25 -1 
8 -1 6 -1 25 -1 0 -1 49 -1 9 -1 14 -1 15 -1 
15 -1 6 -1 9 -1 14 -1 0 -1 8 -1 25 -1 49 -1 
49 -1 25 -1 0 -1 15 -1 14 -1 8 -1 6 -1 9 -1 
14 -1 25 -1 15 -1 0 -1 6 -1 49 -1 8 -1 9 -1 
49 -1 0 -1 25 -1 9 -1 8 -1 14 -1 6 -1 15 -1 
9 -1 8 -1 49 -1 14 -1 25 -1 0 -1 15 -1 6 -1 
8 -1 49 -1 0 -1 14 -1 9 -1 15 -1 6 -1 25 -1 
15 -1 8 -1 9 -1 6 -1 14 -1 0 -1 25 -1 49 -1 
25 -1 49 -1 0 -1 15 -1 6 -1 14 -1 8 -1 9 -1 
9 -1 14 -1 49 -1 6 -1 0 -1 8 -1 15 -1 25 -1 
0 -1 49 -1 9 -1 6 -1 25 -1 8 -1 14 -1 15 -1 
14 -1 49 -1 25 -1 6 -1 8 -1 15 -1 0 -1 9 -1 
25 -1 14 -1 49 -1 15 -1 9 -1 0 -1 8 -1 6 -1 
8 -1 0 -1 15 -1 9 -1 25 -1 49 -1 6 -1 14 -1 
49 -1 15 -1 6 -1 14 -1 8 -1 9 -1 0 -1 25 -1 
15 -1 14 -1 0 -1 9 -1 49 -1 8 -1 6 -1 25 -1 
8 -1 25 -1 15 -1 6 -1 14 -1 0 -1 9 -1 49 -1 
6 -1 9 -1 0 -1 25 -1 8 -1 14 -1 49 -1 15 -1 
9 -1 0 -1 6 -1 14 -1 49 -1 8 -1 25 -1 15 -1 
9 -1 49 -1 25 -1 15 -1 14 -1 8 -1 0 -1 6 -1 
8 -1 49 -1 14 -1 15 -1 9 -1 6 -1 0 -1 25 -1 
8 -1 9 -1 49 -1 25 -1 6 -1 0 -1 14 -1 15 -1 
8 -1 49 -1 15 -1 0 -1 25 -1 6 -1 14 -1 9 -1 
14 -1 8 -1 49 -1 15 -1 9 -1 25 -1 0 -1 6 -1 
49 -1 9 -1 14 -1 25 -1 0 -1 8 -1 15 -1 6 -1 
49 -1 25 -1 15 -1 8 -1 0 -1 6 -1 14 -1 9 -1 
25 -1 8 -1 6 -1 9 -1 14 -1 49 -1 15 -1 0 -1 
9 -1 8 -1 15 -1 6 -1 0 -1 14 -1 25 -1 49 -1 
25 -1 6 -1 8 -1 0 -1 15 -1 49 -1 9 -1 14 -1 
0 -1 49 -1 9 -1 25 -1 15 -1 8 -1 6 -1 14 -1 
25 -1 6 -1 9 -1 49 -1 0 -1 8 -1 15 -1 14 -1 
15 -1 8 -1 0 -1 6 -1 14 -1 49 -1 25 -1 9 -1 
14 -1 6 -1 25 -1 15 -1 8 -1 49 -1 0 -1 9 -1 
49 -1 25 -1 6 -1 9 -1 8 -1 14 -1 0 -1 15 -1 
8 -1 0 -1 25 -1 49 -1 9 -1 14 -1 15 -1 6 -1 
6 -1 0 -1 8 -1 49 -1 9 -1 14 -1 25 -1 15 -1 
49 -1 15 -1 8 -1 9 -1 0 -1 14 -1 25 -1 6 -1 
6 -1 0 -1 9 -1 49 -1 15 -1 8 -1 25 -1 14 -1 
15 -1 14 -1 6 -1 25 -1 0 -1 9 -1 49 -1 8 -1 
0 -1 15 -1 9 -1 8 -1 6 -1 49 -1 14 -1 25 -1 
25 -1 8 -1 6 -1 15 -1 9 -1 0 -1 49 -1 14 -1 
0 -1 9 -1 15 -1 25 -1 14 -1 8 -1 49 -1 6 -1 
0 -1 9 -1 14 -1 49 -1 8 -1 25 -1 15 -1 6 -1 
25 -1 49 -1 6 -1 15 -1 9 -1 14 -1 8 -1 0 -1 
49 -1 14 -1 15 -1 0 -1 9 -1 8 -1 6 -1 25 -1 
25 -1 0 -1 15 -1 6 -1 9 -1 14 -1 49 -1 8 -1 
0 -1 15 -1 14 -1 8 -1 9 -1 25 -1 6 -1 49 -1 
8 -1 25 -1 14 -1 15 -1 6 -1 49 -1 0 -1 9 -1 
8 -1 14 -1 6 -1 25 -1 9 -1 0 -1 49 -1 15 -1 
8 -1 25 -1 49 -1 15 -1 9 -1 6 -1 14 -1 0 -1 
14 -1 0 -1 25 -1 9 -1 6 -1 8 -1 15 -1 49 -1 
49 -1 0 -1 25 -1 6 -1 14 -1 9 -1 8 -1 15 -1 
9 -1 15 -1 8 -1 0 -1 49 -1 14 -1 6 -1 25 -1 
25 -1 15 -1 6 -1 9 -1 0 -1 14 -1 49 -1 8 -1 
8 -1 25 -1 49 -1 0 -1 6 -1 14 -1 15 -1 9 -1 
25 -1 14 -1 0 -1 49 -1 8 -1 9 -1 6 -1 15 -1 
25 -1 8 -1 0 -1 14 -1 9 -1 49 -1 6 -1 15 -1 
8 -1 25 -1 49 -1 0 -1 6 -1 15 -1 14 -1 9 -1 
14 -1 0 -1 6 -1 25 -1 9 -1 8 -1 49 -1 15 -1 
6 -1 8 -1 9 -1 49 -1 14 -1 0 -1 15 -1 25 -1 
14 -1 9 -1 8 -1 0 -1 25 -1 49 -1 15 -1 6 -1 
14 -1 49 -1 8 -1 25 -1 15 -1 6 -1 0 -1 9 -1 
0 -1 8 -1 14 -1 9 -1 6 -1 15 -1 49 -1 25 -1 
15 -1 14 -1 9 -1 0 -1 6 -1 25 -1 49 -1 8 -1 
9 -1 14 -1 0 -1 8 -1 6 -1 49 -1 25 -1 15 -1 
49 -1 8 -1 9 -1 6 -1 25 -1 14 -1 0 -1 15 -1 
9 -1 8 -1 25 -1 49 -1 14 -1 0 -1 6 -1 15 -1 
9 -1 49 -1 6 -1 0 -1 8 -1 14 -1 25 -1 15 -1 
8 -1 6 -1 49 -1 0 -1 25 -1 9 -1 14 -1 15 -1 
0 -1 15 -1 25 -1 8 -1 6 -1 14 -1 9 -1 49 -1 
0 -1 25 -1 6 -1 15 -1 9 -1 14 -1 49 -1 8 -1 
0 -1 15 -1 6 -1 49 -1 8 -1 14 -1 9 -1 25 -1 
0 -1 9 -1 6 -1 49 -1 14 -1 8 -1 25 -1 15 -1 
15 -1 49 -1 14 -1 0 -1 8 -1 9 -1 6 -1 25 -1 
8 -1 14 -1 15 -1 6 -1 0 -1 9 -1 49 -1 25 -1 
49 -1 14 -1 9 -1 6 -1 8 -1 0 -1 25 -1 15 -1 
49 -1 6 -1 9 -1 0 -1 14 -1 8 -1 25 -1 15 -1 
0 -1 9 -1 8 -1 14 -1 15 -1 49 -1 6 -1 25 -1 
9 -1 49 -1 15 -1 8 -1 25 -1 0 -1 14 -1 6 -1 
49 -1 9 -1 25 -1 6 -1 14 -1 15 -1 8 -1 0 -1 
49 -1 9 -1 6 -1 15 -1 0 -1 8 -1 14 -1 25 -1 
49 -1 14 -1 8 -1 0 -1 25 -1 15 -1 9 -1 6 -1 
49 -1 8 -1 14 -1 6 -1 0 -1 25 -1 15 -1 9 -1 
0 -1 6 -1 15 -1 49 -1 14 -1 25 -1 9 -1 8 -1 
0 -1 25 -1 14 -1 49 -1 9 -1 8 -1 15 -1 6 -1 
6 -1 0 -1 14 -1 8 -1 9 -1 15 -1 25 -1 49 -1 
6 -1 15 -1 8 -1 25 -1 0 -1 49 -1 14 -1 9 -1 
15 -1 0 -1 6 -1 8 -1 49 -1 9 -1 25 -1 14 -1 
0 -1 6 -1 9 -1 8 -1 15 -1 14 -1 49 -1 25 -1 
8 -1 15 -1 6 -1 9 -1 0 -1 14 -1 25 -1 49 -1 
9 -1 14 -1 25 -1 49 -1 8 -1 0 -1 15 -1 6 -1 
15 -1 25 -1 8 -1 14 -1 6 -1 0 -1 9 -1 49 -1 
14 -1 6 -1 9 -1 49 -1 15 -1 0 -1 25 -1 8 -1 
8 -1 25 -1 6 -1 49 -1 15 -1 0 -1 9 -1 14 -1 
25 -1 14 -1 49 -1 15 -1 9 -1 0 -1 6 -1 8 -1 
14 -1 49 -1 9 -1 15 -1 8 -1 0 -1 25 -1 6 -1 
6 -1 14 -1 0 -1 25 -1 15 -1 9 -1 8 -1 49 -1 
6 -1 14 -1 0 -1 49 -1 15 -1 8 -1 25 -1 9 -1 
8 -1 14 -1 15 -1 0 -1 49 -1 9 -1 25 -1 6 -1 
0 -1 9 -1 6 -1 49 -1 8 -1 25 -1 14 -1 15 -1 
25 -1 6 -1 9 -1 15 -1 14 -1 8 -1 49 -1 0 -1 
14 -1 15 -1 8 -1 49 -1 0 -1 25 -1 9 -1 6 -1 
0 -1 6 -1 15 -1 8 -1 49 -1 25 -1 14 -1 9 -1 
25 -1 9 -1 14 -1 0 -1 6 -1 49 -1 8 -1 15 -1 
9 -1 8 -1 0 -1 15 -1 14 -1 49 -1 25 -1 6 -1 
25 -1 8 -1 15 -1 0 -1 6 -1 49 -1 9 -1 14 -1 
25 -1 9 -1 6 -1 14 -1 0 -1 15 -1 8 -1 49 -1 
15 -1 25 -1 6 -1 9 -1 0 -1 49 -1 8 -1 14 -1 
8 -1 9 -1 15 -1 49 -1 0 -1 6 -1 14 -1 25 -1 
25 -1 15 -1 49 -1 6 -1 0 -1 9 -1 14 -1 8 -1 
8 -1 14 -1 0 -1 9 -1 49 -1 15 -1 25 -1 6 -1 
9 -1 25 -1 8 -1 0 -1 6 -1 49 -1 15 -1 14 -1 
15 -1 14 -1 9 -1 49 -1 6 -1 0 -1 25 -1 8 -1 
14 -1 0 -1 15 -1 9 -1 25 -1 8 -1 6 -1 49 -1 
6 -1 49 -1 0 -1 25 -1 9 -1 15 -1 14 -1 8 -1 
25 -1 9 -1 8 -1 0 -1 15 -1 6 -1 14 -1 49 -1 
15 -1 49 -1 25 -1 9 -1 14 -1 0 -1 8 -1 6 -1 
14 -1 9 -1 0 -1 25 -1 15 -1 8 -1 49 -1 6 -1 
14 -1 6 -1 25 -1 0 -1 15 -1 49 -1 8 -1 9 -1 
15 -1 9 -1 25 -1 14 -1 6 -1 8 -1 0 -1 49 -1 
0 -1 15 -1 8 -1 9 -1 25 -1 49 -1 6 -1 14 -1 
14 -1 0 -1 25 -1 49 -1 15 -1 6 -1 9 -1 8 -1 
25 -1 15 -1 14 -1 49 -1 6 -1 9 -1 0 -1 8 -1 
15 -1 0 -1 25 -1 49 -1 9 -1 6 -1 14 -1 8 -1 
25 -1 15 -1 14 -1 8 -1 0 -1 9 -1 6 -1 49 -1 
14 -1 6 -1 8 -1 0 -1 15 -1 9 -1 25 -1 49 -1 
0 -1 6 -1 49 -1 9 -1 8 -1 14 -1 25 -1 15 -1 
6 -1 15 -1 14 -1 0 -1 8 -1 25 -1 49 -1 9 -1 
49 -1 25 -1 9 -1 8 -1 15 -1 0 -1 6 -1 14 -1 
25 -1 15 -1 49 -1 0 -1 9 -1 14 -1 8 -1 6 -1 
49 -1 14 -1 0 -1 6 -1 25 -1 15 -1 8 -1 9 -1 
49 -1 15 -1 25 -1 6 -1 14 -1 9 -1 8 -1 0 -1 
0 -1 6 -1 15 -1 14 -1 8 -1 49 -1 25 -1 9 -1 
8 -1 15 -1 14 -1 0 -1 6 -1 25 -1 9 -1 49 -1 
6 -1 49 -1 8 -1 14 -1 25 -1 15 -1 9 -1 0 -1 
6 -1 49 -1 0 -1 15 -1 8 -1 14 -1 9 -1 25 -1 
14 -1 8 -1 25 -1 15 -1 6 -1 0 -1 9 -1 49 -1 
9 -1 14 -1 6 -1 8 -1 0 -1 49 -1 25 -1 15 -1 
15 -1 49 -1 6 -1 0 -1 14 -1 9 -1 25 -1 8 -1 
14 -1 8 -1 25 -1 49 -1 0 -1 6 -1 15 -1 9 -1 
25 -1 8 -1 9 -1 0 -1 14 -1 49 -1 6 -1 15 -1 
15 -1 14 -1 25 -1 6 -1 8 -1 0 -1 49 -1 9 -1 
49 -1 9 -1 6 -1 8 -1 25 -1 0 -1 14 -1 15 -1 
6 -1 14 -1 8 -1 49 -1 25 -1 15 -1 0 -1 9 -1 
0 -1 25 -1 8 -1 49 -1 14 -1 15 -1 6 -1 9 -1 
0 -1 8 -1 15 -1 49 -1 9 -1 6 -1 25 -1 14 -1 
9 -1 6 -1 0 -1 15 -1 14 -1 25 -1 49 -1 8 -1 
15 -1 6 -1 0 -1 8 -1 49 -1 25 -1 9 -1 14 -1 
15 -1 14 -1 8 -1 9 -1 0 -1 6 -1 25 -1 49 -1 
0 -1 6 -1 49 -1 14 -1 8 -1 9 -1 15 -1 25 -1 
6 -1 9 -1 14 -1 15 -1 25 -1 0 -1 49 -1 8 -1 
49 -1 9 -1 14 -1 15 -1 8 -1 25 -1 6 -1 0 -1 
15 -1 49 -1 8 -1 0 -1 14 -1 9 -1 25 -1 6 -1 
25 -1 15 -1 9 -1 14 -1 0 -1 8 -1 6 -1 49 -1 
14 -1 0 -1 6 -1 8 -1 9 -1 49 -1 25 -1 15 -1 
8 -1 9 -1 15 -1 6 -1 25 -1 14 -1 0 -1 49 -1 
25 -1 6 -1 9 -1 49 -1 0 -1 14 -1 15 -1 8 -1 
0 -1 8 -1 15 -1 25 -1 9 -1 14 -1 49 -1 6 -1 
6 -1 14 -1 0 -1 25 -1 15 -1 8 -1 9 -1 49 -1 
0 -1 8 -1 25 -1 9 -1 49 -1 15 -1 6 -1 14 -1 
25 -1 6 -1 15 -1 49 -1 8 -1 0 -1 14 -1 9 -1 
49 -1 9 -1 25 -1 14 -1 6 -1 15 -1 0 -1 8 -1 
6 -1 25 -1 8 -1 9 -1 14 -1 49 -1 0 -1 15 -1 
9 -1 0 -1 14 -1 49 -1 25 -1 8 -1 15 -1 6 -1 
9 -1 6 -1 15 -1 49 -1 14 -1 8 -1 25 -1 0 -1 
14 -1 8 -1 49 -1 0 -1 9 -1 25 -1 6 -1 15 -1 
9 -1 6 -1 49 -1 14 -1 0 -1 8 -1 25 -1 15 -1 
0 -1 6 -1 8 -1 9 -1 15 -1 25 -1 49 -1 14 -1 
25 -1 14 -1 6 -1 8 -1 0 -1 9 -1 49 -1 15 -1 
14 -1 0 -1 9 -1 8 -1 6 -1 25 -1 15 -1 49 -1 
0 -1 8 -1 25 -1 49 -1 14 -1 9 -1 15 -1 6 -1 
9 -1 15 -1 8 -1 49 -1 0 -1 25 -1 14 -1 6 -1 
14 -1 49 -1 15 -1 8 -1 9 -1 25 -1 6 -1 0 -1 
8 -1 49 -1 6 -1 9 -1 0 -1 14 -1 15 -1 25 -1 
14 -1 25 -1 9 -1 49 -1 15 -1 8 -1 0 -1 6 -1 
25 -1 14 -1 9 -1 8 -1 0 -1 49 -1 15 -1 6 -1 
8 -1 6 -1 14 -1 9 -1 15 -1 25 -1 49 -1 0 -1 
8 -1 15 -1 25 -1 6 -1 14 -1 9 -1 49 -1 0 -1 
6 -1 25 -1 0 -1 9 -1 15 -1 14 -1 8 -1 49 -1 
8 -1 14 -1 9 -1 25 -1 15 -1 49 -1 6 -1 0 -1 
15 -1 6 -1 8 -1 49 -1 9 -1 0 -1 25 -1 14 -1 
6 -1 9 -1 49 -1 25 -1 14 -1 8 -1 0 -1 15 -1 
49 -1 14 -1 6 -1 0 -1 8 -1 15 -1 25 -1 9 -1 
14 -1 49 -1 0 -1 25 -1 15 -1 8 -1 9 -1 6 -1 
14 -1 25 -1 8 -1 9 -1 0 -1 49 -1 6 -1 15 -1 
6 -1 25 -1 9 -1 0 -1 49 -1 14 -1 8 -1 15 -1 
9 -1 14 -1 15 -1 6 -1 49 -1 25 -1 0 -1 8 -1 
6 -1 8 -1 9 -1 0 -1 25 -1 15 -1 14 -1 49 -1 
25 -1 14 -1 15 -1 9 -1 6 -1 49 -1 8 -1 0 -1 
49 -1 25 -1 8 -1 15 -1 14 -1 6 -1 9 -1 0 -1 
9 -1 14 -1 49 -1 25 -1 0 -1 8 -1 15 -1 6 -1 
9 -1 15 -1 6 -1 14 -1 0 -1 25 -1 8 -1 49 -1 
25 -1 0 -1 49 -1 9 -1 6 -1 8 -1 15 -1 14 -1 
8 -1 49 -1 25 -1 6 -1 15 -1 9 -1 14 -1 0 -1 
8 -1 0 -1 49 -1 9 -1 6 -1 15 -1 14 -1 25 -1 
6 -1 15 -1 25 -1 9 -1 14 -1 8 -1 49 -1 0 -1 
9 -1 14 -1 25 -1 15 -1 8 -1 6 -1 49 -1 0 -1 
25 -1 49 -1 8 -1 6 -1 9 -1 15 -1 14 -1 0 -1 
49 -1 15 -1 25 -1 8 -1 14 -1 6 -1 9 -1 0 -1 
49 -1 15 -1 14 -1 0 -1 9 -1 8 -1 25 -1 6 -1 
0 -1 15 -1 9 -1 14 -1 25 -1 49 -1 8 -1 6 -1 
49 -1 6 -1 9 -1 14 -1 25 -1 0 -1 8 -1 15 -1 
6 -1 8 -1 49 -1 15 -1 0 -1 25 -1 14 -1 9 -1 
25 -1 15 -1 0 -1 49 -1 8 -1 9 -1 14 -1 6 -1 
8 -1 15 -1 6 -1 25 -1 14 -1 9 -1 0 -1 49 -1 
49 -1 14 -1 9 -1 8 -1 15 -1 25 -1 0 -1 6 -1 
6 -1 8 -1 15 -1 25 -1 49 -1 14 -1 9 -1 0 -1 
14 -1 6 -1 25 -1 49 -1 9 -1 8 -1 15 -1 0 -1 
8 -1 15 -1 14 -1 49 -1 6 -1 0 -1 25 -1 9 -1 
25 -1 9 -1 0 -1 15 -1 6 -1 14 -1 49 -1 8 -1 
8 -1 0 -1 6 -1 15 -1 9 -1 49 -1 14 -1 25 -1 
25 -1 14 -1 0 -1 15 -1 9 -1 6 -1 49 -1 8 -1 
9 -1 49 -1 14 -1 0 -1 8 -1 6 -1 25 -1 15 -1 
25 -1 0 -1 9 -1 14 -1 49 -1 6 -1 8 -1 15 -1 
9 -1 25 -1 0 -1 14 -1 8 -1 49 -1 6 -1 15 -1 
6 -1 14 -1 25 -1 0 -1 15 -1 8 -1 9 -1 49 -1 
25 -1 49 -1 9 -1 15 -1 6 -1 0 -1 14 -1 8 -1 
8 -1 49 -1 9 -1 14 -1 0 -1 15 -1 6 -1 25 -1 
0 -1 8 -1 14 -1 6 -1 15 -1 25 -1 49 -1 9 -1 
25 -1 14 -1 6 -1 9 -1 0 -1 49 -1 8 -1 15 -1 
8 -1 0 -1 6 -1 25 -1 14 -1 9 -1 49 -1 15 -1 
9 -1 15 -1 25 -1 49 -1 6 -1 8 -1 0 -1 14 -1 
6 -1 15 -1 49 -1 8 -1 9 -1 0 -1 25 -1 14 -1 
