11 -1 5 -1 4 -1 
11 -1 5 -1 4 -1 
11 -1 1 -1 4 -1 
11 -1 1 -1 4 -1 
11 -1 1 -1 4 -1 
11 -1 1 -1 4 -1 
11 -1 1 -1 4 -1 
11 -1 1 -1 4 -1 
11 -1 1 -1 4 -1 
11 -1 1 -1 4 -1 
11 -1 1 -1 4 -1 
11 -1 1 -1 4 -1 
11 -1 1 -1 4 -1 
11 -1 1 -1 13 -1 
11 -1 1 -1 13 -1 
11 -1 1 -1 3 -1 
8 -1 1 -1 3 -1 
8 -1 1 -1 3 -1 
8 -1 1 -1 18 -1 
8 -1 1 -1 18 -1 
10 -1 1 -1 18 -1 
10 -1 7 -1 18 -1 
10 -1 7 -1 16 -1 
10 -1 7 -1 16 -1 
10 -1 18 -1 16 -1 
10 -1 18 -1 16 -1 
10 -1 18 -1 16 -1 
10 -1 18 -1 16 -1 
10 -1 18 -1 16 -1 
10 -1 18 -1 16 -1 
10 -1 18 -1 16 -1 
0 -1 8 -1 16 -1 
0 -1 8 -1 16 -1 
0 -1 8 -1 16 -1 
0 -1 8 -1 16 -1 
0 -1 8 -1 16 -1 
0 -1 8 -1 16 -1 
0 -1 8 -1 16 -1 
0 -1 8 -1 16 -1 
0 -1 8 -1 16 -1 
0 -1 7 -1 18 -1 
0 -1 7 -1 16 -1 
0 -1 7 -1 16 -1 
0 -1 7 -1 16 -1 
0 -1 7 -1 6 16 
0 -1 7 -1 6 -1 
0 -1 7 -1 6 -1 
0 -1 7 -1 6 -1 
0 -1 10 7 6 -1 
0 -1 10 -1 6 -1 
0 -1 10 -1 6 -1 
0 -1 10 -1 6 -1 
0 -1 10 -1 6 -1 
0 -1 10 -1 6 -1 
0 -1 10 -1 16 6 
0 -1 10 -1 16 -1 
0 -1 10 -1 18 -1 
0 -1 10 -1 18 -1 
10 -1 10 -1 18 -1 
10 -1 10 -1 18 -1 
10 -1 10 -1 18 -1 
10 -1 10 -1 18 -1 
10 -1 10 -1 3 -1 
10 -1 10 -1 3 -1 
10 -1 10 -1 3 -1 
2 -1 8 -1 13 -1 
2 -1 8 -1 13 -1 
2 -1 8 -1 3 -1 
2 -1 8 -1 3 -1 
2 -1 8 -1 3 -1 
2 -1 8 -1 3 -1 
2 -1 8 -1 3 -1 
2 -1 8 -1 3 -1 
2 -1 18 -1 3 -1 
2 -1 18 -1 3 -1 
2 -1 18 -1 3 -1 
2 -1 18 -1 3 -1 
2 -1 18 -1 3 -1 
2 -1 18 -1 3 -1 
2 -1 18 -1 3 -1 
2 -1 18 -1 3 -1 
2 -1 18 -1 3 -1 
2 -1 3 18 13 -1 
2 -1 9 3 4 -1 
2 -1 9 -1 4 -1 
2 -1 9 -1 4 -1 
2 -1 9 -1 4 -1 
2 -1 9 -1 4 -1 
2 -1 9 -1 4 -1 
2 -1 9 -1 15 4 
2 -1 9 -1 15 -1 
2 -1 9 -1 15 -1 
2 -1 9 -1 15 -1 
2 -1 9 -1 15 -1 
2 -1 9 -1 15 -1 
2 -1 9 -1 15 -1 
2 -1 9 -1 15 -1 
2 -1 18 9 15 -1 
2 -1 18 -1 15 -1 
